<?xml version="1.0" encoding="utf-8"?>
<COLLADA xmlns="http://www.collada.org/2005/11/COLLADASchema" version="1.4.1">
  <asset><contributor><author>Mixamo</author><authoring_tool>COLLADA Mixamo exporter</authoring_tool><comments></comments></contributor><created>2020-02-09T18:47:43Z</created><modified>2020-02-09T18:47:43Z</modified><revision></revision><title></title><unit meter="0.010000"/><up_axis>Y_UP</up_axis></asset>
  <library_animations>
    <animation id="Hips-anim" name="Hips"><source id="Hips-Matrix-animation-input"><float_array id="Hips-Matrix-animation-input-array" count="69">

0.000000 0.033333 0.066667 0.100000 0.133333 0.166667 0.200000 0.233333 0.266667 0.300000 0.333333 0.366667 0.400000 0.433333 0.466667 0.500000
0.533333 0.566667 0.600000 0.633333 0.666667 0.700000 0.733333 0.766667 0.800000 0.833333 0.866667 0.900000 0.933333 0.966667 1.000000 1.033333
1.066667 1.100000 1.133333 1.166667 1.200000 1.233333 1.266667 1.300000 1.333333 1.366667 1.400000 1.433333 1.466667 1.500000 1.533333 1.566667
1.600000 1.633333 1.666667 1.700000 1.733333 1.766667 1.800000 1.833333 1.866667 1.900000 1.933333 1.966667 2.000000 2.033333 2.066667 2.100000
2.133333 2.166667 2.200000 2.233333 2.266667</float_array><technique_common><accessor source="#Hips-Matrix-animation-input-array" count="69"><param name="TIME" type="float"/></accessor></technique_common></source><source id="Hips-Matrix-animation-output-transform"><float_array id="Hips-Matrix-animation-output-transform-array" count="1104">

0.998523 -0.047640 -0.026106 -0.012597 0.051303 0.985000 0.164754 49.655685 0.017866 -0.165850 0.985989 1.444913 0.000000 0.000000 0.000000 1.000000
0.998670 -0.046869 -0.021464 -0.024727 0.049960 0.982595 0.178917 49.552128 0.012705 -0.179751 0.983630 1.465936 0.000000 0.000000 0.000000 1.000000
0.998801 -0.046150 -0.016347 -0.038291 0.048449 0.979764 0.194205 49.432049 0.007054 -0.194764 0.980825 1.476722 0.000000 0.000000 0.000000 1.000000
0.998904 -0.045538 -0.010826 -0.052827 0.046796 0.976549 0.210146 49.299519 0.001002 -0.210422 0.977610 1.479204 0.000000 0.000000 0.000000 1.000000
0.998987 -0.044717 -0.004955 -0.070207 0.044678 0.973061 0.226179 49.158745 -0.005293 -0.226171 0.974073 1.466212 0.000000 0.000000 0.000000 1.000000
0.999044 -0.043697 0.001334 -0.088870 0.042076 0.969368 0.241981 49.012131 -0.011867 -0.241693 0.970280 1.434355 0.000000 0.000000 0.000000 1.000000
0.999044 -0.043017 0.007840 -0.106694 0.039552 0.965487 0.257430 48.861935 -0.018643 -0.256874 0.966265 1.424038 0.000000 0.000000 0.000000 1.000000
0.999012 -0.042057 0.014350 -0.124100 0.036587 0.961738 0.271515 48.716660 -0.025220 -0.270722 0.962327 1.420447 0.000000 0.000000 0.000000 1.000000
0.998911 -0.041672 0.020964 -0.138092 0.033971 0.957835 0.285304 48.570484 -0.031970 -0.284282 0.958208 1.456859 0.000000 0.000000 0.000000 1.000000
0.998781 -0.041299 0.027018 -0.138850 0.031393 0.954089 0.297875 48.428802 -0.038079 -0.296663 0.954223 1.412628 0.000000 0.000000 0.000000 1.000000
0.998625 -0.040341 0.033478 -0.157331 0.028059 0.950755 0.308672 48.302170 -0.044281 -0.307308 0.950579 1.460805 0.000000 0.000000 0.000000 1.000000
0.998427 -0.039499 0.039789 -0.175096 0.024821 0.947756 0.318030 48.184246 -0.050273 -0.316543 0.947245 1.521627 0.000000 0.000000 0.000000 1.000000
0.998173 -0.038470 0.046583 -0.204763 0.021244 0.945314 0.325470 48.075314 -0.056556 -0.323886 0.944404 1.575028 0.000000 0.000000 0.000000 1.000000
0.997981 -0.036414 0.052044 -0.228649 0.017250 0.943939 0.329670 47.983643 -0.061131 -0.328106 0.942661 1.603806 0.000000 0.000000 0.000000 1.000000
0.997988 -0.032054 0.054711 -0.229709 0.012352 0.944566 0.328090 47.940567 -0.062194 -0.326754 0.943061 1.601883 0.000000 0.000000 0.000000 1.000000
0.997907 -0.028332 0.058124 -0.238005 0.008036 0.946268 0.323283 47.929729 -0.064161 -0.322139 0.944516 1.592700 0.000000 0.000000 0.000000 1.000000
0.997841 -0.025425 0.060555 -0.216794 0.005068 0.949088 0.314970 47.931644 -0.065480 -0.313984 0.947168 1.593018 0.000000 0.000000 0.000000 1.000000
0.997783 -0.023250 0.062364 -0.159585 0.003187 0.952617 0.304155 47.899376 -0.066480 -0.303282 0.950579 1.623973 0.000000 0.000000 0.000000 1.000000
0.997745 -0.020979 0.063753 -0.096472 0.001563 0.956899 0.290417 47.842468 -0.067098 -0.289662 0.954774 1.684209 0.000000 0.000000 0.000000 1.000000
0.997735 -0.018019 0.064811 -0.032387 -0.000325 0.962155 0.272501 47.798145 -0.067268 -0.271905 0.959970 1.832639 0.000000 0.000000 0.000000 1.000000
0.997755 -0.013962 0.065500 0.021287 -0.002850 0.968289 0.249816 47.795708 -0.066911 -0.249442 0.966075 2.044916 0.000000 0.000000 0.000000 1.000000
0.997833 -0.009027 0.065169 0.071807 -0.005703 0.974946 0.222369 47.850342 -0.065544 -0.222259 0.972782 2.340113 0.000000 0.000000 0.000000 1.000000
0.998163 -0.002553 0.060531 0.125248 -0.007828 0.985302 0.170643 48.132843 -0.060077 -0.170803 0.983472 2.803269 0.000000 0.000000 0.000000 1.000000
0.998446 0.005217 0.055480 0.213121 -0.011104 0.994270 0.106323 48.663845 -0.054607 -0.106774 0.992783 3.428637 0.000000 0.000000 0.000000 1.000000
0.998581 0.009432 0.052419 0.401182 -0.012118 0.998617 0.051164 49.490356 -0.051864 -0.051726 0.997314 4.177030 0.000000 0.000000 0.000000 1.000000
0.998731 0.010600 0.049243 0.703712 -0.010005 0.999874 -0.012328 50.712742 -0.049367 0.011820 0.998711 5.084067 0.000000 0.000000 0.000000 1.000000
0.999070 0.012374 0.041308 0.978651 -0.008846 0.996383 -0.084518 52.396248 -0.042204 0.084074 0.995565 6.075821 0.000000 0.000000 0.000000 1.000000
0.999378 0.014136 0.032299 1.319499 -0.009516 0.990250 -0.138973 54.430489 -0.033949 0.138579 0.989769 7.139941 0.000000 0.000000 0.000000 1.000000
0.999523 0.019719 0.023747 1.519088 -0.015152 0.983709 -0.179128 56.673504 -0.026893 0.178683 0.983539 8.224124 0.000000 0.000000 0.000000 1.000000
0.999496 0.027642 0.015604 1.612359 -0.023721 0.977090 -0.211501 59.088295 -0.021093 0.211024 0.977253 9.335265 0.000000 0.000000 0.000000 1.000000
0.999387 0.033348 0.010662 1.646916 -0.029869 0.970990 -0.237248 61.586754 -0.018265 0.236784 0.971391 10.408065 0.000000 0.000000 0.000000 1.000000
0.999286 0.037436 0.005149 1.570588 -0.034558 0.960475 -0.276214 64.271126 -0.015286 0.275839 0.961082 11.507986 0.000000 0.000000 0.000000 1.000000
0.999214 0.039622 -0.001103 1.389799 -0.038080 0.951878 -0.304102 67.033928 -0.011000 0.303905 0.952639 12.618413 0.000000 0.000000 0.000000 1.000000
0.999105 0.041984 -0.005086 1.133554 -0.041227 0.940089 -0.338427 69.803413 -0.009428 0.338334 0.940979 13.795719 0.000000 0.000000 0.000000 1.000000
0.999075 0.042731 -0.004876 0.789766 -0.041706 0.934876 -0.352516 72.581436 -0.010505 0.352393 0.935793 15.019704 0.000000 0.000000 0.000000 1.000000
0.999537 0.029417 -0.007816 0.472105 -0.030145 0.921206 -0.387906 75.153137 -0.004211 0.387962 0.921666 16.136391 0.000000 0.000000 0.000000 1.000000
0.999916 0.011612 -0.005749 0.163796 -0.012947 0.913169 -0.407376 77.606033 0.000520 0.407416 0.913242 17.256733 0.000000 0.000000 0.000000 1.000000
0.999975 -0.004810 -0.005149 -0.129803 0.002405 0.919858 -0.392244 79.631996 0.006623 0.392222 0.919847 18.615732 0.000000 0.000000 0.000000 1.000000
0.999733 -0.021408 -0.008656 -0.420833 0.016790 0.931274 -0.363934 81.479706 0.015852 0.363691 0.931385 20.109489 0.000000 0.000000 0.000000 1.000000
0.999184 -0.037772 -0.014305 -0.705968 0.031000 0.944217 -0.327860 83.221100 0.025891 0.327149 0.944618 21.727268 0.000000 0.000000 0.000000 1.000000
0.998368 -0.053334 -0.020403 -0.980786 0.045206 0.956484 -0.288262 84.857567 0.034889 0.286870 0.957334 23.448593 0.000000 0.000000 0.000000 1.000000
0.997394 -0.067657 -0.025069 -1.243472 0.059291 0.966539 -0.249574 86.375648 0.041116 0.247438 0.968031 25.224838 0.000000 0.000000 0.000000 1.000000
0.996474 -0.079965 -0.025403 -1.488124 0.072614 0.973607 -0.216373 87.703957 0.042034 0.213766 0.975980 27.013086 0.000000 0.000000 0.000000 1.000000
0.996162 -0.085901 -0.016801 -1.684415 0.081167 0.978425 -0.189992 88.604416 0.032759 0.187899 0.981642 28.815166 0.000000 0.000000 0.000000 1.000000
0.996250 -0.085624 -0.012394 -1.742411 0.082181 0.981343 -0.173818 89.254875 0.027046 0.172147 0.984700 30.306429 0.000000 0.000000 0.000000 1.000000
0.996456 -0.083526 -0.009916 -1.762990 0.080841 0.983583 -0.161337 89.845360 0.023229 0.159964 0.986849 31.726431 0.000000 0.000000 0.000000 1.000000
0.996756 -0.079990 -0.008946 -1.748433 0.077716 0.985381 -0.151609 90.372261 0.020943 0.150421 0.988400 33.064911 0.000000 0.000000 0.000000 1.000000
0.997110 -0.075425 -0.009082 -1.705581 0.073345 0.986904 -0.143667 90.839996 0.019800 0.142586 0.989584 34.321590 0.000000 0.000000 0.000000 1.000000
0.997480 -0.070254 -0.009927 -1.641283 0.068247 0.988281 -0.136541 91.252800 0.019403 0.135520 0.990585 35.496124 0.000000 0.000000 0.000000 1.000000
0.997830 -0.064898 -0.011084 -1.562261 0.062928 0.989613 -0.129256 91.614647 0.019357 0.128278 0.991549 36.588272 0.000000 0.000000 0.000000 1.000000
0.998138 -0.059771 -0.012154 -1.475809 0.057871 0.990984 -0.120837 91.929008 0.019267 0.119909 0.992598 37.597893 0.000000 0.000000 0.000000 1.000000
0.998404 -0.054891 -0.013258 -1.377796 0.053088 0.992409 -0.110928 92.171188 0.019246 0.110048 0.993740 38.494396 0.000000 0.000000 0.000000 1.000000
0.998651 -0.049585 -0.015441 -1.240836 0.047783 0.993756 -0.100822 92.280159 0.020344 0.099948 0.994785 39.204296 0.000000 0.000000 0.000000 1.000000
0.998861 -0.044106 -0.018184 -1.080134 0.042284 0.994982 -0.090679 92.306816 0.022092 0.089807 0.995714 39.784904 0.000000 0.000000 0.000000 1.000000
0.999039 -0.038582 -0.020782 -0.913936 0.036794 0.996079 -0.080452 92.302055 0.023805 0.079610 0.996542 40.305058 0.000000 0.000000 0.000000 1.000000
0.999199 -0.033056 -0.022545 -0.762495 0.031403 0.997046 -0.070098 92.314079 0.024795 0.069334 0.997285 40.835243 0.000000 0.000000 0.000000 1.000000
0.999374 -0.027500 -0.022251 -0.652363 0.026135 0.997887 -0.059480 92.374664 0.023840 0.058861 0.997981 41.409637 0.000000 0.000000 0.000000 1.000000
0.999550 -0.021799 -0.020585 -0.574401 0.020776 0.998598 -0.048692 92.452957 0.021618 0.048242 0.998602 41.999355 0.000000 0.000000 0.000000 1.000000
0.999702 -0.016050 -0.018417 -0.522365 0.015344 0.999165 -0.037861 92.550911 0.019009 0.037567 0.999113 42.620602 0.000000 0.000000 0.000000 1.000000
0.999818 -0.010352 -0.016046 -0.492179 0.009916 0.999586 -0.027019 92.592270 0.016319 0.026855 0.999506 43.222401 0.000000 0.000000 0.000000 1.000000
0.999894 -0.004613 -0.013792 -0.469655 0.004390 0.999859 -0.016188 92.539719 0.013864 0.016125 0.999774 43.769581 0.000000 0.000000 0.000000 1.000000
0.999930 0.001369 -0.011725 -0.444573 -0.001432 0.999984 -0.005393 92.441238 0.011717 0.005410 0.999917 44.282429 0.000000 0.000000 0.000000 1.000000
0.999930 0.007648 -0.009003 -0.414775 -0.007601 0.999957 0.005297 92.363358 0.009043 -0.005228 0.999945 44.778263 0.000000 0.000000 0.000000 1.000000
0.999885 0.014141 -0.005526 -0.376775 -0.014052 0.999776 0.015840 92.367516 0.005749 -0.015761 0.999859 45.274643 0.000000 0.000000 0.000000 1.000000
0.999781 0.020874 -0.001355 -0.335238 -0.020831 0.999440 0.026200 92.463997 0.001901 -0.026166 0.999656 45.765446 0.000000 0.000000 0.000000 1.000000
0.999607 0.027806 0.003451 -0.296968 -0.027913 0.998949 0.036345 92.616821 -0.002436 -0.036427 0.999333 46.238838 0.000000 0.000000 0.000000 1.000000
0.999351 0.034935 0.008831 -0.261170 -0.035308 0.998306 0.046244 92.806511 -0.007200 -0.046525 0.998891 46.703083 0.000000 0.000000 0.000000 1.000000
0.998996 0.042306 0.014728 -0.227033 -0.043067 0.997509 0.055870 93.016617 -0.012328 -0.056449 0.998329 47.166367 0.000000 0.000000 0.000000 1.000000
0.998511 0.050297 0.021117 -0.193007 -0.051576 0.996538 0.065200 93.249763 -0.017765 -0.066192 0.997649 47.638435 0.000000 0.000000 0.000000 1.000000</float_array><technique_common><accessor source="#Hips-Matrix-animation-output-transform-array" count="69" stride="16"><param type="float4x4"/></accessor></technique_common></source><source id="Hips-Interpolations"><Name_array id="Hips-Interpolations-array" count="69">
 LINEAR LINEAR LINEAR LINEAR LINEAR LINEAR LINEAR LINEAR LINEAR LINEAR LINEAR
LINEAR LINEAR LINEAR LINEAR LINEAR LINEAR LINEAR LINEAR LINEAR LINEAR LINEAR LINEAR
LINEAR LINEAR LINEAR LINEAR LINEAR LINEAR LINEAR LINEAR LINEAR LINEAR LINEAR LINEAR
LINEAR LINEAR LINEAR LINEAR LINEAR LINEAR LINEAR LINEAR LINEAR LINEAR LINEAR LINEAR
LINEAR LINEAR LINEAR LINEAR LINEAR LINEAR LINEAR LINEAR LINEAR LINEAR LINEAR LINEAR
LINEAR LINEAR LINEAR LINEAR LINEAR LINEAR LINEAR LINEAR LINEAR LINEAR</Name_array><technique_common><accessor source="#Hips-Interpolations-array" count="69"><param type="name"/></accessor></technique_common></source><sampler id="Hips-Matrix-animation-transform"><input semantic="INPUT" source="#Hips-Matrix-animation-input"/><input semantic="OUTPUT" source="#Hips-Matrix-animation-output-transform"/><input semantic="INTERPOLATION" source="#Hips-Interpolations"/></sampler><channel source="#Hips-Matrix-animation-transform" target="Hips/matrix"/></animation>
    <animation id="LeftUpLeg-anim" name="LeftUpLeg"><source id="LeftUpLeg-Matrix-animation-input"><float_array id="LeftUpLeg-Matrix-animation-input-array" count="69">

0.000000 0.033333 0.066667 0.100000 0.133333 0.166667 0.200000 0.233333 0.266667 0.300000 0.333333 0.366667 0.400000 0.433333 0.466667 0.500000
0.533333 0.566667 0.600000 0.633333 0.666667 0.700000 0.733333 0.766667 0.800000 0.833333 0.866667 0.900000 0.933333 0.966667 1.000000 1.033333
1.066667 1.100000 1.133333 1.166667 1.200000 1.233333 1.266667 1.300000 1.333333 1.366667 1.400000 1.433333 1.466667 1.500000 1.533333 1.566667
1.600000 1.633333 1.666667 1.700000 1.733333 1.766667 1.800000 1.833333 1.866667 1.900000 1.933333 1.966667 2.000000 2.033333 2.066667 2.100000
2.133333 2.166667 2.200000 2.233333 2.266667</float_array><technique_common><accessor source="#LeftUpLeg-Matrix-animation-input-array" count="69"><param name="TIME" type="float"/></accessor></technique_common></source><source id="LeftUpLeg-Matrix-animation-output-transform"><float_array id="LeftUpLeg-Matrix-animation-output-transform-array" count="1104">

0.975928 -0.217982 0.007007 9.633800 0.004212 0.050961 0.998692 -0.250300 -0.218054 -0.974621 0.050652 0.000000 0.000000 0.000000 0.000000 1.000000
0.976079 -0.217210 0.009474 9.633800 0.004141 0.062139 0.998059 -0.250300 -0.217377 -0.974145 0.061552 0.000000 0.000000 0.000000 0.000000 1.000000
0.976256 -0.216278 0.012131 9.633800 0.004017 0.074068 0.997245 -0.250300 -0.216581 -0.973518 0.073178 -0.000000 0.000000 0.000000 0.000000 1.000000
0.976458 -0.215189 0.014929 9.633800 0.003806 0.086389 0.996254 -0.250300 -0.215673 -0.972744 0.085174 0.000000 0.000000 0.000000 0.000000 1.000000
0.976647 -0.214129 0.017601 9.633800 0.003669 0.098531 0.995127 -0.250300 -0.214820 -0.971823 0.097015 0.000000 0.000000 0.000000 0.000000 1.000000
0.976834 -0.213044 0.020193 9.633800 0.003498 0.110244 0.993898 -0.250300 -0.213970 -0.970803 0.108436 -0.000000 0.000000 0.000000 0.000000 1.000000
0.977043 -0.211808 0.022886 9.633800 0.003116 0.121621 0.992572 -0.250300 -0.213019 -0.969714 0.119489 0.000000 0.000000 0.000000 0.000000 1.000000
0.977211 -0.210770 0.025191 9.633800 0.002837 0.131632 0.991295 -0.250300 -0.212251 -0.968633 0.129230 0.000000 0.000000 0.000000 0.000000 1.000000
0.977411 -0.209519 0.027727 9.633800 0.002248 0.141494 0.989937 -0.250300 -0.211333 -0.967513 0.138769 0.000000 0.000000 0.000000 0.000000 1.000000
0.977630 -0.208139 0.030295 9.633800 0.001397 0.150456 0.988616 -0.250300 -0.210327 -0.966458 0.147381 -0.000000 0.000000 0.000000 0.000000 1.000000
0.977739 -0.207369 0.032023 9.633800 0.001071 0.157547 0.987511 -0.250300 -0.209824 -0.965493 0.154262 -0.000000 0.000000 0.000000 0.000000 1.000000
0.977844 -0.206621 0.033614 9.633800 0.000621 0.163434 0.986554 -0.250300 -0.209336 -0.964675 0.159941 0.000000 0.000000 0.000000 0.000000 1.000000
0.977958 -0.205839 0.035056 9.633800 -0.000079 0.167529 0.985867 -0.250300 -0.208803 -0.964139 0.163820 0.000000 0.000000 0.000000 0.000000 1.000000
0.977956 -0.205798 0.035338 9.633800 -0.000164 0.168479 0.985705 -0.250300 -0.208810 -0.963982 0.164731 0.000000 0.000000 0.000000 0.000000 1.000000
0.977711 -0.207298 0.033300 9.633800 0.001188 0.164062 0.986449 -0.250300 -0.209952 -0.964423 0.160652 0.000000 0.000000 0.000000 0.000000 1.000000
0.977633 -0.207866 0.032024 9.633800 0.001129 0.157450 0.987526 -0.250300 -0.210315 -0.965402 0.154163 0.000000 0.000000 0.000000 0.000000 1.000000
0.979671 -0.198538 0.028761 9.633800 -0.000104 0.142862 0.989743 -0.250300 -0.200610 -0.969625 0.139937 0.000000 0.000000 0.000000 0.000000 1.000000
0.983958 -0.176711 0.024486 9.633800 -0.003182 0.119849 0.992787 -0.250300 -0.178371 -0.976939 0.117364 0.000000 0.000000 0.000000 0.000000 1.000000
0.987006 -0.158799 0.024546 9.633800 -0.009150 0.096967 0.995246 -0.250300 -0.160424 -0.982538 0.094254 0.000000 0.000000 0.000000 0.000000 1.000000
0.988910 -0.146131 0.026497 9.633800 -0.015863 0.073457 0.997172 -0.250300 -0.147664 -0.986534 0.070325 0.000000 0.000000 0.000000 0.000000 1.000000
0.990316 -0.136465 0.025526 9.633800 -0.019189 0.047548 0.998685 -0.250300 -0.137500 -0.989503 0.044469 0.000000 0.000000 0.000000 0.000000 1.000000
0.991067 -0.131907 0.019688 9.633800 -0.016482 0.025351 0.999543 -0.250300 -0.132346 -0.990938 0.022951 -0.000000 0.000000 0.000000 0.000000 1.000000
0.991350 -0.131004 0.007945 9.633800 -0.009591 -0.011943 0.999883 -0.250300 -0.130894 -0.991310 -0.013096 -0.000000 0.000000 0.000000 0.000000 1.000000
0.991779 -0.127966 0.000401 9.633800 -0.008194 -0.060382 0.998142 -0.250300 -0.127704 -0.989939 -0.060934 -0.000000 0.000000 0.000000 0.000000 1.000000
0.992226 -0.124434 -0.002039 9.633800 -0.009728 -0.093883 0.995536 -0.250300 -0.124070 -0.987776 -0.094364 0.000000 0.000000 0.000000 0.000000 1.000000
0.993020 -0.117944 -0.000984 9.633800 -0.013758 -0.124115 0.992173 -0.250300 -0.117143 -0.985233 -0.124871 -0.000000 0.000000 0.000000 0.000000 1.000000
0.993521 -0.113618 -0.002601 9.633800 -0.014723 -0.151368 0.988368 -0.250300 -0.112690 -0.981926 -0.152060 0.000000 0.000000 0.000000 0.000000 1.000000
0.993777 -0.111353 -0.002855 9.633800 -0.014251 -0.152520 0.988198 -0.250300 -0.110474 -0.982007 -0.153157 0.000000 0.000000 0.000000 0.000000 1.000000
0.993514 -0.113575 -0.005589 9.633800 -0.009959 -0.135863 0.990678 -0.250300 -0.113276 -0.984196 -0.136113 0.000000 0.000000 0.000000 0.000000 1.000000
0.992875 -0.118760 -0.009745 9.633800 -0.003179 -0.108156 0.994129 -0.250300 -0.119117 -0.987015 -0.107763 0.000000 0.000000 0.000000 0.000000 1.000000
0.992421 -0.122407 -0.010780 9.633800 0.002080 -0.070977 0.997476 -0.250300 -0.122864 -0.989939 -0.070185 -0.000000 0.000000 0.000000 0.000000 1.000000
0.992029 -0.125325 -0.013149 9.633800 0.007866 -0.042562 0.999063 -0.250300 -0.125767 -0.991202 -0.041237 0.000000 0.000000 0.000000 0.000000 1.000000
0.991393 -0.130088 -0.014767 9.633800 0.014872 -0.000169 0.999889 -0.250300 -0.130076 -0.991502 0.001767 0.000000 0.000000 0.000000 0.000000 1.000000
0.990908 -0.133570 -0.016117 9.633800 0.021169 0.036492 0.999110 -0.250300 -0.132863 -0.990367 0.038988 -0.000000 0.000000 0.000000 0.000000 1.000000
0.990420 -0.137448 -0.013249 9.633800 0.026693 0.096437 0.994981 -0.250300 -0.135480 -0.985803 0.099182 0.000000 0.000000 0.000000 0.000000 1.000000
0.991218 -0.132066 -0.006756 9.633800 0.024684 0.134590 0.990594 -0.250300 -0.129914 -0.982061 0.136668 0.000000 0.000000 0.000000 0.000000 1.000000
0.992339 -0.123375 0.006457 9.633800 0.017271 0.190288 0.981576 -0.250300 -0.122330 -0.973945 0.190961 -0.000000 0.000000 0.000000 0.000000 1.000000
0.992706 -0.118386 0.022810 9.633800 0.010563 0.273870 0.961709 -0.250300 -0.120100 -0.954453 0.273123 0.000000 0.000000 0.000000 0.000000 1.000000
0.993059 -0.112214 0.035240 9.633800 0.008434 0.366781 0.930269 -0.250300 -0.117315 -0.923515 0.365182 0.000000 0.000000 0.000000 0.000000 1.000000
0.993243 -0.105498 0.048364 9.633800 0.006129 0.463832 0.885902 -0.250300 -0.115894 -0.879619 0.461344 0.000000 0.000000 0.000000 0.000000 1.000000
0.993103 -0.097647 0.064896 9.633800 0.000806 0.559183 0.829044 -0.250300 -0.117242 -0.823274 0.555405 0.000000 0.000000 0.000000 0.000000 1.000000
0.993629 -0.084868 0.074158 9.633800 -0.001654 0.646941 0.762539 -0.250300 -0.112691 -0.757803 0.642678 0.000000 0.000000 0.000000 0.000000 1.000000
0.994157 -0.070676 0.081585 9.633800 -0.005616 0.720941 0.692973 -0.250300 -0.107795 -0.689383 0.716332 -0.000000 0.000000 0.000000 0.000000 1.000000
0.994435 -0.059621 0.086854 9.633800 -0.009035 0.773146 0.634164 -0.250300 -0.104960 -0.631419 0.768305 0.000000 0.000000 0.000000 0.000000 1.000000
0.994365 -0.056074 0.089962 9.633800 -0.007931 0.806916 0.590613 -0.250300 -0.105709 -0.587999 0.801925 0.000000 0.000000 0.000000 0.000000 1.000000
0.994140 -0.054969 0.093077 9.633800 -0.005355 0.834952 0.550296 -0.250300 -0.107965 -0.547570 0.829765 0.000000 0.000000 0.000000 0.000000 1.000000
0.993844 -0.055387 0.095954 9.633800 -0.001707 0.858314 0.513122 -0.250300 -0.110779 -0.510127 0.852935 -0.000000 0.000000 0.000000 0.000000 1.000000
0.993583 -0.056649 0.097901 9.633800 0.002904 0.878034 0.478589 -0.250300 -0.113072 -0.475233 0.872564 0.000000 0.000000 0.000000 0.000000 1.000000
0.993426 -0.058379 0.098467 9.633800 0.008377 0.894949 0.446090 -0.250300 -0.114165 -0.442333 0.889555 -0.000000 0.000000 0.000000 0.000000 1.000000
0.993353 -0.060472 0.097948 9.633800 0.014447 0.909662 0.415098 -0.250300 -0.114201 -0.410924 0.904489 -0.000000 0.000000 0.000000 0.000000 1.000000
0.992985 -0.064917 0.098829 9.633800 0.021923 0.922399 0.385615 -0.250300 -0.116193 -0.380743 0.917352 0.000000 0.000000 0.000000 0.000000 1.000000
0.991215 -0.077103 0.107462 9.633800 0.031462 0.926633 0.374650 -0.250300 -0.128465 -0.367977 0.920918 0.000000 0.000000 0.000000 0.000000 1.000000
0.989739 -0.091477 0.109768 9.633800 0.040845 0.917280 0.396143 -0.250300 -0.136926 -0.387595 0.911604 0.000000 0.000000 0.000000 0.000000 1.000000
0.990427 -0.099385 0.095800 9.633800 0.050803 0.907726 0.416477 -0.250300 -0.128351 -0.407624 0.904085 0.000000 0.000000 0.000000 0.000000 1.000000
0.991266 -0.105085 0.079685 9.633800 0.060705 0.899976 0.431691 -0.250300 -0.117079 -0.423083 0.898495 -0.000000 0.000000 0.000000 0.000000 1.000000
0.991078 -0.110880 0.073963 9.633800 0.067676 0.896698 0.437439 -0.250300 -0.114826 -0.428531 0.896201 0.000000 0.000000 0.000000 0.000000 1.000000
0.989181 -0.117973 0.087197 9.633800 0.069776 0.901207 0.427734 -0.250300 -0.129044 -0.417022 0.899689 -0.000000 0.000000 0.000000 0.000000 1.000000
0.985176 -0.124721 0.117786 9.633800 0.066542 0.910675 0.407728 -0.250300 -0.158117 -0.393846 0.905474 0.000000 0.000000 0.000000 0.000000 1.000000
0.976011 -0.128693 0.175613 9.633800 0.054567 0.925449 0.374922 -0.250300 -0.210771 -0.356345 0.910271 -0.000000 0.000000 0.000000 0.000000 1.000000
0.965329 -0.127195 0.227952 9.633800 0.045271 0.941595 0.333689 -0.250300 -0.257083 -0.311800 0.914707 0.000000 0.000000 0.000000 0.000000 1.000000
0.961579 -0.124946 0.244448 9.633800 0.047508 0.952727 0.300091 -0.250300 -0.270388 -0.276948 0.922058 0.000000 0.000000 0.000000 0.000000 1.000000
0.960999 -0.130539 0.243803 9.633800 0.055733 0.954914 0.291603 -0.250300 -0.270877 -0.266642 0.924947 0.000000 0.000000 0.000000 0.000000 1.000000
0.960130 -0.140625 0.241611 9.633800 0.065322 0.953197 0.295208 -0.250300 -0.271816 -0.267656 0.924379 0.000000 0.000000 0.000000 0.000000 1.000000
0.959119 -0.148714 0.240780 9.633800 0.074895 0.953849 0.290796 -0.250300 -0.272914 -0.260875 0.925993 0.000000 0.000000 0.000000 0.000000 1.000000
0.957978 -0.155203 0.241227 9.633800 0.084640 0.956477 0.279262 -0.250300 -0.274071 -0.247109 0.929420 0.000000 0.000000 0.000000 0.000000 1.000000
0.956689 -0.160910 0.242598 9.633800 0.094590 0.959955 0.263702 -0.250300 -0.275316 -0.229334 0.933599 0.000000 0.000000 0.000000 0.000000 1.000000
0.955254 -0.166206 0.244674 9.633800 0.104775 0.963699 0.245576 -0.250300 -0.276608 -0.208952 0.937991 -0.000000 0.000000 0.000000 0.000000 1.000000
0.953684 -0.171470 0.247152 9.633800 0.115302 0.967245 0.226146 -0.250300 -0.277834 -0.187175 0.942218 -0.000000 0.000000 0.000000 0.000000 1.000000
0.951938 -0.177176 0.249844 9.633800 0.126559 0.970351 0.205915 -0.250300 -0.278920 -0.164399 0.946138 0.000000 0.000000 0.000000 0.000000 1.000000</float_array><technique_common><accessor source="#LeftUpLeg-Matrix-animation-output-transform-array" count="69" stride="16"><param type="float4x4"/></accessor></technique_common></source><source id="LeftUpLeg-Interpolations"><Name_array id="LeftUpLeg-Interpolations-array" count="69">
 LINEAR LINEAR LINEAR LINEAR LINEAR LINEAR LINEAR LINEAR LINEAR LINEAR LINEAR
LINEAR LINEAR LINEAR LINEAR LINEAR LINEAR LINEAR LINEAR LINEAR LINEAR LINEAR LINEAR
LINEAR LINEAR LINEAR LINEAR LINEAR LINEAR LINEAR LINEAR LINEAR LINEAR LINEAR LINEAR
LINEAR LINEAR LINEAR LINEAR LINEAR LINEAR LINEAR LINEAR LINEAR LINEAR LINEAR LINEAR
LINEAR LINEAR LINEAR LINEAR LINEAR LINEAR LINEAR LINEAR LINEAR LINEAR LINEAR LINEAR
LINEAR LINEAR LINEAR LINEAR LINEAR LINEAR LINEAR LINEAR LINEAR LINEAR</Name_array><technique_common><accessor source="#LeftUpLeg-Interpolations-array" count="69"><param type="name"/></accessor></technique_common></source><sampler id="LeftUpLeg-Matrix-animation-transform"><input semantic="INPUT" source="#LeftUpLeg-Matrix-animation-input"/><input semantic="OUTPUT" source="#LeftUpLeg-Matrix-animation-output-transform"/><input semantic="INTERPOLATION" source="#LeftUpLeg-Interpolations"/></sampler><channel source="#LeftUpLeg-Matrix-animation-transform" target="LeftUpLeg/matrix"/></animation>
    <animation id="LeftLeg-anim" name="LeftLeg"><source id="LeftLeg-Matrix-animation-input"><float_array id="LeftLeg-Matrix-animation-input-array" count="69">

0.000000 0.033333 0.066667 0.100000 0.133333 0.166667 0.200000 0.233333 0.266667 0.300000 0.333333 0.366667 0.400000 0.433333 0.466667 0.500000
0.533333 0.566667 0.600000 0.633333 0.666667 0.700000 0.733333 0.766667 0.800000 0.833333 0.866667 0.900000 0.933333 0.966667 1.000000 1.033333
1.066667 1.100000 1.133333 1.166667 1.200000 1.233333 1.266667 1.300000 1.333333 1.366667 1.400000 1.433333 1.466667 1.500000 1.533333 1.566667
1.600000 1.633333 1.666667 1.700000 1.733333 1.766667 1.800000 1.833333 1.866667 1.900000 1.933333 1.966667 2.000000 2.033333 2.066667 2.100000
2.133333 2.166667 2.200000 2.233333 2.266667</float_array><technique_common><accessor source="#LeftLeg-Matrix-animation-input-array" count="69"><param name="TIME" type="float"/></accessor></technique_common></source><source id="LeftLeg-Matrix-animation-output-transform"><float_array id="LeftLeg-Matrix-animation-output-transform-array" count="1104">

0.985311 0.087345 -0.146744 -0.000000 -0.143785 -0.039289 -0.988829 -40.477901 -0.092134 0.995403 -0.026153 -1.713100 0.000000 0.000000 0.000000 1.000000
0.984757 0.087310 -0.150437 0.000000 -0.147317 -0.041170 -0.988232 -40.477901 -0.092476 0.995330 -0.027680 -1.713100 0.000000 0.000000 0.000000 1.000000
0.984250 0.087337 -0.153704 -0.000000 -0.150425 -0.043002 -0.987686 -40.477901 -0.092871 0.995250 -0.029187 -1.713100 0.000000 0.000000 0.000000 1.000000
0.983796 0.087359 -0.156570 0.000000 -0.153136 -0.044753 -0.987191 -40.477901 -0.093247 0.995171 -0.030650 -1.713100 0.000000 0.000000 0.000000 1.000000
0.983372 0.087383 -0.159198 -0.000000 -0.155632 -0.046247 -0.986732 -40.477901 -0.093586 0.995101 -0.031879 -1.713100 0.000000 0.000000 0.000000 1.000000
0.982967 0.087399 -0.161672 0.000000 -0.158009 -0.047363 -0.986301 -40.477901 -0.093859 0.995047 -0.032746 -1.713100 0.000000 0.000000 0.000000 1.000000
0.982596 0.087422 -0.163899 0.000000 -0.160090 -0.048980 -0.985886 -40.477901 -0.094216 0.994967 -0.034132 -1.713100 0.000000 0.000000 0.000000 1.000000
0.982242 0.087435 -0.165997 0.000000 -0.162024 -0.050779 -0.985479 -40.477901 -0.094594 0.994875 -0.035711 -1.713100 0.000000 0.000000 0.000000 1.000000
0.981910 0.087435 -0.167953 -0.000000 -0.163735 -0.053410 -0.985057 -40.477901 -0.095099 0.994737 -0.038127 -1.713100 0.000000 0.000000 0.000000 1.000000
0.981706 0.087461 -0.169130 -0.000000 -0.164838 -0.054215 -0.984830 -40.477901 -0.095304 0.994692 -0.038807 -1.713100 0.000000 0.000000 0.000000 1.000000
0.981325 0.087470 -0.171321 -0.000000 -0.166765 -0.057034 -0.984346 -40.477901 -0.095872 0.994533 -0.041382 -1.713100 0.000000 0.000000 0.000000 1.000000
0.980921 0.087491 -0.173606 0.000000 -0.168764 -0.060047 -0.983826 -40.477901 -0.096501 0.994354 -0.044136 -1.713100 0.000000 0.000000 0.000000 1.000000
0.980394 0.087516 -0.176545 -0.000000 -0.171458 -0.062642 -0.983198 -40.477901 -0.097105 0.994192 -0.046408 -1.713100 0.000000 0.000000 0.000000 1.000000
0.979916 0.087511 -0.179186 -0.000000 -0.173896 -0.064793 -0.982630 -40.477901 -0.097601 0.994054 -0.048274 -1.713100 0.000000 0.000000 0.000000 1.000000
0.979789 0.087522 -0.179870 0.000000 -0.174445 -0.066182 -0.982440 -40.477901 -0.097890 0.993962 -0.049577 -1.713100 0.000000 0.000000 0.000000 1.000000
0.979776 0.087554 -0.179923 0.000000 -0.174488 -0.066269 -0.982427 -40.477901 -0.097938 0.993953 -0.049652 -1.713100 0.000000 0.000000 0.000000 1.000000
0.982435 0.080364 -0.168412 0.000000 -0.161807 -0.082671 -0.983353 -40.477901 -0.092949 0.993331 -0.068215 -1.713100 0.000000 0.000000 0.000000 1.000000
0.989413 0.064905 -0.129806 -0.000000 -0.121474 -0.119048 -0.985430 -40.477901 -0.079412 0.990765 -0.109904 -1.713100 0.000000 0.000000 0.000000 1.000000
0.994148 0.053654 -0.093765 0.000000 -0.084875 -0.149047 -0.985181 -40.477901 -0.066834 0.987373 -0.143620 -1.713100 0.000000 0.000000 0.000000 1.000000
0.996869 0.047117 -0.063497 -0.000000 -0.054522 -0.171988 -0.983589 -40.477901 -0.057265 0.983972 -0.168880 -1.713100 0.000000 0.000000 0.000000 1.000000
0.998373 0.043193 -0.037224 -0.000000 -0.028390 -0.189595 -0.981452 -40.477901 -0.049449 0.980912 -0.188060 -1.713100 0.000000 0.000000 0.000000 1.000000
0.998844 0.044512 -0.018122 0.000000 -0.009246 -0.192050 -0.981342 -40.477901 -0.047162 0.980375 -0.191416 -1.713100 0.000000 0.000000 0.000000 1.000000
0.998829 0.048347 -0.001619 -0.000000 0.007399 -0.185781 -0.982563 -40.477901 -0.047804 0.981401 -0.185922 -1.713100 0.000000 0.000000 0.000000 1.000000
0.998640 0.050875 0.011365 -0.000000 0.020529 -0.183414 -0.982821 -40.477901 -0.047916 0.981718 -0.184209 -1.713100 0.000000 0.000000 0.000000 1.000000
0.998568 0.051040 0.016022 0.000000 0.025131 -0.183178 -0.982758 -40.477901 -0.047226 0.981754 -0.184199 -1.713100 0.000000 0.000000 0.000000 1.000000
0.998445 0.050891 0.022743 0.000000 0.031411 -0.176603 -0.983781 -40.477901 -0.046049 0.982966 -0.177927 -1.713100 0.000000 0.000000 0.000000 1.000000
0.998215 0.050692 0.031567 -0.000000 0.039346 -0.160648 -0.986227 -40.477901 -0.044922 0.985709 -0.162356 -1.713100 0.000000 0.000000 0.000000 1.000000
0.997929 0.050463 0.039883 0.000000 0.046425 -0.135914 -0.989632 -40.477901 -0.044520 0.989435 -0.137975 -1.713100 0.000000 0.000000 0.000000 1.000000
0.997791 0.050250 0.043458 0.000000 0.048489 -0.103668 -0.993429 -40.477901 -0.045415 0.993342 -0.105875 -1.713100 0.000000 0.000000 0.000000 1.000000
0.997772 0.050048 0.044115 -0.000000 0.047272 -0.063772 -0.996844 -40.477901 -0.047077 0.996709 -0.065995 -1.713100 0.000000 0.000000 0.000000 1.000000
0.997765 0.049861 0.044485 0.000000 0.045297 -0.015287 -0.998857 -40.477901 -0.049124 0.998639 -0.017512 -1.713100 0.000000 0.000000 0.000000 1.000000
0.997657 0.049758 0.046950 -0.000000 0.044795 0.043570 -0.998046 -40.477901 -0.051706 0.997811 0.041239 -1.713100 0.000000 0.000000 0.000000 1.000000
0.997502 0.049764 0.050135 0.000000 0.044415 0.110047 -0.992933 -40.477901 -0.054930 0.992680 0.107562 -1.713100 0.000000 0.000000 0.000000 1.000000
0.997338 0.049846 0.053216 -0.000000 0.043316 0.182067 -0.982332 -40.477901 -0.058654 0.982022 0.179424 -1.713100 0.000000 0.000000 0.000000 1.000000
0.997357 0.049954 0.052766 0.000000 0.038003 0.260334 -0.964770 -40.477901 -0.061931 0.964225 0.257748 -1.713100 0.000000 0.000000 0.000000 1.000000
0.996502 0.050324 0.066723 0.000000 0.045570 0.342063 -0.938571 -40.477901 -0.070057 0.938328 0.338573 -1.713100 0.000000 0.000000 0.000000 1.000000
0.995692 0.050720 0.077626 0.000000 0.048709 0.426253 -0.903292 -40.477901 -0.078903 0.903181 0.421946 -1.713100 0.000000 0.000000 0.000000 1.000000
0.995255 0.051198 0.082745 -0.000000 0.046755 0.494151 -0.868118 -40.477901 -0.085334 0.867867 0.489413 -1.713100 0.000000 0.000000 0.000000 1.000000
0.994380 0.051678 0.092404 0.000000 0.048215 0.555982 -0.829795 -40.477901 -0.094257 0.829586 0.550365 -1.713100 0.000000 0.000000 0.000000 1.000000
0.993480 0.052345 0.101280 0.000000 0.047748 0.615659 -0.786565 -40.477901 -0.103527 0.786272 0.609145 -1.713100 0.000000 0.000000 0.000000 1.000000
0.992950 0.051969 0.106532 0.000000 0.043872 0.673798 -0.737612 -40.477901 -0.110114 0.737086 0.666767 -1.713100 0.000000 0.000000 0.000000 1.000000
0.991881 0.052641 0.115764 0.000000 0.040805 0.730429 -0.681769 -40.477901 -0.120446 0.680957 0.722350 -1.713100 0.000000 0.000000 0.000000 1.000000
0.991276 0.053347 0.120524 0.000000 0.033597 0.781952 -0.622433 -40.477901 -0.127449 0.621052 0.773338 -1.713100 0.000000 0.000000 0.000000 1.000000
0.992075 0.054103 0.113398 0.000000 0.021680 0.815286 -0.578652 -40.477901 -0.123759 0.576525 0.807652 -1.713100 0.000000 0.000000 0.000000 1.000000
0.992741 0.054728 0.107095 0.000000 0.012895 0.836900 -0.547204 -40.477901 -0.119575 0.544613 0.830120 -1.713100 0.000000 0.000000 0.000000 1.000000
0.993329 0.054901 0.101404 0.000000 0.005412 0.856219 -0.516585 -40.477901 -0.115185 0.513688 0.850210 -1.713100 0.000000 0.000000 0.000000 1.000000
0.993806 0.054556 0.096812 0.000000 -0.000473 0.873263 -0.487248 -40.477901 -0.111125 0.484184 0.867881 -1.713100 0.000000 0.000000 0.000000 1.000000
0.994105 0.053920 0.094066 0.000000 -0.004723 0.888289 -0.459261 -40.477901 -0.108321 0.456110 0.883307 -1.713100 0.000000 0.000000 0.000000 1.000000
0.994225 0.053250 0.093174 0.000000 -0.007719 0.901445 -0.432824 -40.477901 -0.107039 0.429606 0.896650 -1.713100 0.000000 0.000000 0.000000 1.000000
0.994339 0.053029 0.092075 0.000000 -0.010790 0.912471 -0.408998 -40.477901 -0.105704 0.405690 0.907878 -1.713100 0.000000 0.000000 0.000000 1.000000
0.994534 0.053240 0.089818 0.000000 -0.014248 0.921385 -0.388389 -40.477901 -0.103435 0.384987 0.917108 -1.713100 0.000000 0.000000 0.000000 1.000000
0.994849 0.054923 0.085204 0.000000 -0.016288 0.916192 -0.400408 -40.477901 -0.100055 0.396958 0.912367 -1.713100 0.000000 0.000000 0.000000 1.000000
0.993112 0.047981 0.106897 0.000000 0.006848 0.886989 -0.461740 -40.477901 -0.116971 0.459291 0.880551 -1.713100 0.000000 0.000000 0.000000 1.000000
0.987504 0.036462 0.153315 0.000000 0.047104 0.860098 -0.507949 -40.477901 -0.150387 0.508824 0.847633 -1.713100 0.000000 0.000000 0.000000 1.000000
0.985239 0.034724 0.167624 -0.000000 0.061658 0.841502 -0.536725 -40.477901 -0.159694 0.539137 0.826939 -1.713100 0.000000 0.000000 0.000000 1.000000
0.984796 0.031274 0.170877 0.000000 0.067943 0.835960 -0.544568 -40.477901 -0.159877 0.547898 0.821126 -1.713100 0.000000 0.000000 0.000000 1.000000
0.984774 0.020304 0.172649 -0.000000 0.073402 0.851713 -0.518842 -40.477901 -0.157582 0.523615 0.837255 -1.713100 0.000000 0.000000 0.000000 1.000000
0.985900 0.000458 0.167335 -0.000000 0.079476 0.878727 -0.470661 -40.477901 -0.147258 0.477324 0.866301 -1.713100 0.000000 0.000000 0.000000 1.000000
0.989761 -0.035354 0.138289 0.000000 0.087754 0.914829 -0.394192 -40.477901 -0.112574 0.402291 0.908564 -1.713100 0.000000 0.000000 0.000000 1.000000
0.992252 -0.065293 0.105702 0.000000 0.095059 0.946787 -0.307503 -40.477901 -0.080000 0.315169 0.945658 -1.713100 0.000000 0.000000 0.000000 1.000000
0.993322 -0.073205 0.089180 0.000000 0.093798 0.962457 -0.254711 -40.477901 -0.067186 0.261375 0.962896 -1.713100 0.000000 0.000000 0.000000 1.000000
0.993910 -0.072642 0.082865 -0.000000 0.092182 0.960109 -0.263994 -40.477901 -0.060382 0.270025 0.960958 -1.713100 0.000000 0.000000 0.000000 1.000000
0.994247 -0.072683 0.078672 0.000000 0.093028 0.950030 -0.297973 -40.477901 -0.053083 0.303578 0.951327 -1.713100 0.000000 0.000000 0.000000 1.000000
0.994635 -0.072787 0.073506 -0.000000 0.092434 0.944374 -0.315618 -40.477901 -0.046444 0.320719 0.946035 -1.713100 0.000000 0.000000 0.000000 1.000000
0.995059 -0.072841 0.067472 -0.000000 0.090676 0.943516 -0.318678 -40.477901 -0.040449 0.323222 0.945458 -1.713100 0.000000 0.000000 0.000000 1.000000
0.995503 -0.072835 0.060564 0.000000 0.088222 0.945714 -0.312796 -40.477901 -0.034494 0.316733 0.947887 -1.713100 0.000000 0.000000 0.000000 1.000000
0.995937 -0.072820 0.052971 0.000000 0.085453 0.949811 -0.300927 -40.477901 -0.028399 0.304231 0.952175 -1.713100 0.000000 0.000000 0.000000 1.000000
0.996339 -0.072753 0.044897 -0.000000 0.082589 0.954773 -0.285634 -40.477901 -0.022086 0.288296 0.957287 -1.713100 0.000000 0.000000 0.000000 1.000000
0.996689 -0.072667 0.036471 0.000000 0.079804 0.960143 -0.267876 -40.477901 -0.015551 0.269899 0.962763 -1.713100 0.000000 0.000000 0.000000 1.000000</float_array><technique_common><accessor source="#LeftLeg-Matrix-animation-output-transform-array" count="69" stride="16"><param type="float4x4"/></accessor></technique_common></source><source id="LeftLeg-Interpolations"><Name_array id="LeftLeg-Interpolations-array" count="69">
 LINEAR LINEAR LINEAR LINEAR LINEAR LINEAR LINEAR LINEAR LINEAR LINEAR LINEAR
LINEAR LINEAR LINEAR LINEAR LINEAR LINEAR LINEAR LINEAR LINEAR LINEAR LINEAR LINEAR
LINEAR LINEAR LINEAR LINEAR LINEAR LINEAR LINEAR LINEAR LINEAR LINEAR LINEAR LINEAR
LINEAR LINEAR LINEAR LINEAR LINEAR LINEAR LINEAR LINEAR LINEAR LINEAR LINEAR LINEAR
LINEAR LINEAR LINEAR LINEAR LINEAR LINEAR LINEAR LINEAR LINEAR LINEAR LINEAR LINEAR
LINEAR LINEAR LINEAR LINEAR LINEAR LINEAR LINEAR LINEAR LINEAR LINEAR</Name_array><technique_common><accessor source="#LeftLeg-Interpolations-array" count="69"><param type="name"/></accessor></technique_common></source><sampler id="LeftLeg-Matrix-animation-transform"><input semantic="INPUT" source="#LeftLeg-Matrix-animation-input"/><input semantic="OUTPUT" source="#LeftLeg-Matrix-animation-output-transform"/><input semantic="INTERPOLATION" source="#LeftLeg-Interpolations"/></sampler><channel source="#LeftLeg-Matrix-animation-transform" target="LeftLeg/matrix"/></animation>
    <animation id="LeftFoot-anim" name="LeftFoot"><source id="LeftFoot-Matrix-animation-input"><float_array id="LeftFoot-Matrix-animation-input-array" count="69">

0.000000 0.033333 0.066667 0.100000 0.133333 0.166667 0.200000 0.233333 0.266667 0.300000 0.333333 0.366667 0.400000 0.433333 0.466667 0.500000
0.533333 0.566667 0.600000 0.633333 0.666667 0.700000 0.733333 0.766667 0.800000 0.833333 0.866667 0.900000 0.933333 0.966667 1.000000 1.033333
1.066667 1.100000 1.133333 1.166667 1.200000 1.233333 1.266667 1.300000 1.333333 1.366667 1.400000 1.433333 1.466667 1.500000 1.533333 1.566667
1.600000 1.633333 1.666667 1.700000 1.733333 1.766667 1.800000 1.833333 1.866667 1.900000 1.933333 1.966667 2.000000 2.033333 2.066667 2.100000
2.133333 2.166667 2.200000 2.233333 2.266667</float_array><technique_common><accessor source="#LeftFoot-Matrix-animation-input-array" count="69"><param name="TIME" type="float"/></accessor></technique_common></source><source id="LeftFoot-Matrix-animation-output-transform"><float_array id="LeftFoot-Matrix-animation-output-transform-array" count="1104">

0.998433 -0.055935 0.001656 0.012600 0.055851 0.994227 -0.091615 -40.441601 0.003478 0.091564 0.995793 -0.864500 0.000000 0.000000 0.000000 1.000000
0.998213 -0.059743 0.001516 0.012600 0.059625 0.993866 -0.093140 -40.441601 0.004058 0.093064 0.995652 -0.864500 0.000000 0.000000 0.000000 1.000000
