<?xml version="1.0" encoding="utf-8"?>
<COLLADA xmlns="http://www.collada.org/2005/11/COLLADASchema" version="1.4.1">
  <asset><contributor><author>Mixamo</author><authoring_tool>COLLADA Mixamo exporter</authoring_tool><comments></comments></contributor><created>2020-02-09T18:53:31Z</created><modified>2020-02-09T18:53:31Z</modified><revision></revision><title></title><unit meter="0.010000"/><up_axis>Y_UP</up_axis></asset>
  <library_animations>
    <animation id="Hips-anim" name="Hips"><source id="Hips-Matrix-animation-input"><float_array id="Hips-Matrix-animation-input-array" count="68">

0.000000 0.033333 0.066667 0.100000 0.133333 0.166667 0.200000 0.233333 0.266667 0.300000 0.333333 0.366667 0.400000 0.433333 0.466667 0.500000
0.533333 0.566667 0.600000 0.633333 0.666667 0.700000 0.733333 0.766667 0.800000 0.833333 0.866667 0.900000 0.933333 0.966667 1.000000 1.033333
1.066667 1.100000 1.133333 1.166667 1.200000 1.233333 1.266667 1.300000 1.333333 1.366667 1.400000 1.433333 1.466667 1.500000 1.533333 1.566667
1.600000 1.633333 1.666667 1.700000 1.733333 1.766667 1.800000 1.833333 1.866667 1.900000 1.933333 1.966667 2.000000 2.033333 2.066667 2.100000
2.133333 2.166667 2.200000 2.233333</float_array><technique_common><accessor source="#Hips-Matrix-animation-input-array" count="68"><param name="TIME" type="float"/></accessor></technique_common></source><source id="Hips-Matrix-animation-output-transform"><float_array id="Hips-Matrix-animation-output-transform-array" count="1088">

0.994173 0.057420 -0.091226 -0.208588 -0.051574 0.996538 0.065201 93.249725 0.094654 -0.060116 0.993693 0.171924 0.000000 0.000000 0.000000 1.000000
0.994894 0.052165 -0.086404 -0.312835 -0.046588 0.996774 0.065357 93.259109 0.089534 -0.060998 0.994114 0.199824 0.000000 0.000000 0.000000 1.000000
0.995868 0.045161 -0.078785 -0.398340 -0.039921 0.996963 0.066866 93.306412 0.081565 -0.063445 0.994647 0.246935 0.000000 0.000000 0.000000 1.000000
0.997083 0.036273 -0.067153 -0.468857 -0.031575 0.997064 0.069754 93.371330 0.069486 -0.067430 0.995301 0.261815 0.000000 0.000000 0.000000 1.000000
0.998683 0.025134 -0.044723 -0.521871 -0.021802 0.997058 0.073479 93.426224 0.046438 -0.072407 0.996294 0.247903 0.000000 0.000000 0.000000 1.000000
0.999860 0.012025 -0.011666 -0.558400 -0.011078 0.996884 0.078095 93.481628 0.012569 -0.077955 0.996878 0.211957 0.000000 0.000000 0.000000 1.000000
0.999433 -0.001434 0.033653 -0.612116 -0.001309 0.996685 0.081346 93.490120 -0.033658 -0.081344 0.996118 0.089826 0.000000 0.000000 0.000000 1.000000
0.995730 -0.015196 0.091053 -0.710890 0.007640 0.996539 0.082771 93.445724 -0.091996 -0.081722 0.992400 -0.122717 0.000000 0.000000 0.000000 1.000000
0.986463 -0.029110 0.161382 -0.864203 0.015894 0.996457 0.082590 93.348190 -0.163214 -0.078907 0.983430 -0.430022 0.000000 0.000000 0.000000 1.000000
0.967961 -0.042398 0.247496 -1.074808 0.022661 0.996370 0.082058 93.184990 -0.250076 -0.073821 0.965408 -0.877930 0.000000 0.000000 0.000000 1.000000
0.940725 -0.054275 0.334801 -1.310846 0.028218 0.996215 0.082212 92.999153 -0.337996 -0.067892 0.938696 -1.372745 0.000000 0.000000 0.000000 1.000000
0.907914 -0.063601 0.414302 -1.555609 0.032113 0.996070 0.082538 92.813179 -0.417924 -0.061633 0.906389 -1.870439 0.000000 0.000000 0.000000 1.000000
0.870375 -0.071275 0.487203 -1.801057 0.035150 0.995937 0.082905 92.633835 -0.491133 -0.055033 0.869345 -2.364424 0.000000 0.000000 0.000000 1.000000
0.835426 -0.075442 0.544401 -2.032543 0.036116 0.995929 0.082590 92.480446 -0.548415 -0.049336 0.834749 -2.839333 0.000000 0.000000 0.000000 1.000000
0.807794 -0.075874 0.584562 -2.242028 0.034674 0.996080 0.081373 92.349236 -0.588444 -0.045464 0.807258 -3.297656 0.000000 0.000000 0.000000 1.000000
0.782380 -0.074979 0.618272 -2.428124 0.032297 0.996275 0.079950 92.190872 -0.621964 -0.042583 0.781887 -3.770731 0.000000 0.000000 0.000000 1.000000
0.758838 -0.072901 0.647187 -2.594110 0.029028 0.996514 0.078214 92.143593 -0.650632 -0.040565 0.758309 -4.262439 0.000000 0.000000 0.000000 1.000000
0.741691 -0.068127 0.667273 -2.697241 0.023546 0.996860 0.075605 92.188881 -0.670329 -0.040364 0.740966 -4.826636 0.000000 0.000000 0.000000 1.000000
0.742003 -0.056748 0.667991 -2.643043 0.012816 0.997430 0.070498 92.036446 -0.670275 -0.043748 0.740823 -5.621895 0.000000 0.000000 0.000000 1.000000
0.756229 -0.039842 0.653092 -2.479320 -0.002106 0.997991 0.063322 91.690636 -0.654303 -0.049261 0.754626 -6.617459 0.000000 0.000000 0.000000 1.000000
0.778542 -0.019190 0.627299 -2.301584 -0.019575 0.998304 0.054834 91.275276 -0.627287 -0.054970 0.776846 -7.773095 0.000000 0.000000 0.000000 1.000000
0.803737 0.003613 0.594973 -2.086358 -0.038864 0.998165 0.046438 90.859749 -0.593714 -0.060447 0.802403 -9.009741 0.000000 0.000000 0.000000 1.000000
0.827748 0.026900 0.560454 -1.825944 -0.056738 0.997743 0.035908 90.413231 -0.558223 -0.061522 0.827407 -10.332527 0.000000 0.000000 0.000000 1.000000
0.849411 0.049376 0.525417 -1.607655 -0.066596 0.997683 0.013905 89.894066 -0.523513 -0.046802 0.850731 -11.933348 0.000000 0.000000 0.000000 1.000000
0.869122 0.071526 0.489400 -1.391330 -0.070120 0.997313 -0.021232 89.318405 -0.489603 -0.015863 0.871801 -13.836032 0.000000 0.000000 0.000000 1.000000
0.887192 0.092259 0.452083 -1.198356 -0.071823 0.995476 -0.062203 88.709229 -0.455777 0.022716 0.889804 -15.903161 0.000000 0.000000 0.000000 1.000000
0.903386 0.109692 0.414562 -1.047500 -0.072463 0.991877 -0.104541 87.988739 -0.422662 0.064401 0.903996 -18.071867 0.000000 0.000000 0.000000 1.000000
0.917371 0.122097 0.378844 -0.910889 -0.072246 0.987057 -0.143173 87.135658 -0.391421 0.103973 0.914319 -20.281723 0.000000 0.000000 0.000000 1.000000
0.929227 0.126157 0.347306 -0.772717 -0.068501 0.982433 -0.173586 86.153458 -0.363104 0.137510 0.921546 -22.501083 0.000000 0.000000 0.000000 1.000000
0.940361 0.121776 0.317635 -0.625113 -0.060047 0.978489 -0.197368 84.884560 -0.334837 0.166524 0.927445 -24.693510 0.000000 0.000000 0.000000 1.000000
0.951114 0.113848 0.287091 -0.496771 -0.050569 0.974439 -0.218888 83.477928 -0.304672 0.193669 0.932559 -26.824013 0.000000 0.000000 0.000000 1.000000
0.961139 0.104073 0.255697 -0.387401 -0.041523 0.970181 -0.238800 81.928024 -0.272925 0.218903 0.936800 -28.882727 0.000000 0.000000 0.000000 1.000000
0.970205 0.092487 0.223940 -0.283611 -0.032970 0.966075 -0.256147 80.163246 -0.240033 0.241132 0.940340 -30.878981 0.000000 0.000000 0.000000 1.000000
0.978129 0.078916 0.192448 -0.191470 -0.024828 0.962914 -0.268662 78.121773 -0.206513 0.258008 0.943814 -32.816761 0.000000 0.000000 0.000000 1.000000
0.984664 0.063941 0.162324 -0.130022 -0.017278 0.961584 -0.273966 75.888168 -0.173606 0.266960 0.947942 -34.709438 0.000000 0.000000 0.000000 1.000000
0.989204 0.049345 0.137988 -0.105974 -0.011337 0.964549 -0.263660 73.645531 -0.146106 0.259249 0.954695 -36.422604 0.000000 0.000000 0.000000 1.000000
0.992370 0.035579 0.118050 -0.093149 -0.006258 0.970760 -0.239972 71.375633 -0.123136 0.237402 0.963576 -37.996746 0.000000 0.000000 0.000000 1.000000
0.994747 0.022228 0.099923 -0.081620 -0.001131 0.978466 -0.206404 69.006912 -0.102359 0.205207 0.973351 -39.493908 0.000000 0.000000 0.000000 1.000000
0.996538 0.009491 0.082590 -0.070368 0.004421 0.986005 -0.166656 66.575607 -0.083016 0.166444 0.982550 -40.894310 0.000000 0.000000 0.000000 1.000000
0.997805 -0.002351 0.066173 -0.059156 0.010459 0.992418 -0.122459 63.858337 -0.065383 0.122882 0.990265 -42.180237 0.000000 0.000000 0.000000 1.000000
0.998624 -0.013036 0.050795 -0.047765 0.016863 0.996990 -0.075668 60.859982 -0.049655 0.076420 0.995838 -43.333649 0.000000 0.000000 0.000000 1.000000
0.999083 -0.022354 0.036522 -0.035992 0.023392 0.999328 -0.028224 57.966232 -0.035867 0.029052 0.998934 -44.343544 0.000000 0.000000 0.000000 1.000000
0.999267 -0.030128 0.023623 -0.023682 0.029886 0.999498 0.010522 55.418995 -0.023928 -0.009808 0.999666 -45.194035 0.000000 0.000000 0.000000 1.000000
0.999268 -0.035870 0.013319 -0.012673 0.035347 0.998666 0.037644 53.405575 -0.014652 -0.037146 0.999202 -45.829315 0.000000 0.000000 0.000000 1.000000
0.999192 -0.039734 0.006081 -0.002138 0.039299 0.997427 0.059956 51.749931 -0.008448 -0.059668 0.998183 -46.249920 0.000000 0.000000 0.000000 1.000000
0.999100 -0.042415 0.000921 0.023517 0.042208 0.995955 0.079318 50.612038 -0.004282 -0.079208 0.996849 -46.447296 0.000000 0.000000 0.000000 1.000000
0.998997 -0.044638 -0.003564 0.056918 0.044772 0.994220 0.097576 49.855984 -0.000812 -0.097638 0.995222 -46.565422 0.000000 0.000000 0.000000 1.000000
0.998900 -0.046343 -0.007133 0.075454 0.046854 0.992366 0.114077 49.608978 0.001792 -0.114286 0.993446 -46.549789 0.000000 0.000000 0.000000 1.000000
0.998817 -0.047611 -0.009879 0.077550 0.048488 0.990481 0.128826 49.541615 0.003652 -0.129153 0.991618 -46.518589 0.000000 0.000000 0.000000 1.000000
0.998754 -0.048485 -0.011834 0.077304 0.049674 0.988668 0.141664 49.501156 0.004831 -0.142075 0.989844 -46.531113 0.000000 0.000000 0.000000 1.000000
0.998713 -0.049004 -0.013054 0.077136 0.050406 0.987490 0.149406 49.533173 0.005569 -0.149872 0.988690 -46.534157 0.000000 0.000000 0.000000 1.000000
0.998692 -0.049266 -0.013663 0.077039 0.050793 0.986544 0.155403 49.585499 0.005823 -0.155894 0.987757 -46.537533 0.000000 0.000000 0.000000 1.000000
0.998686 -0.049347 -0.013799 0.077011 0.050921 0.985809 0.159962 49.637508 0.005710 -0.160454 0.987027 -46.540607 0.000000 0.000000 0.000000 1.000000
0.998686 -0.049346 -0.013845 0.076820 0.050947 0.985247 0.163377 49.656792 0.005578 -0.163868 0.986467 -46.542439 0.000000 0.000000 0.000000 1.000000
0.998687 -0.049323 -0.013861 0.076669 0.050935 0.985019 0.164752 49.653641 0.005527 -0.165242 0.986238 -46.543129 0.000000 0.000000 0.000000 1.000000
0.998687 -0.049320 -0.013865 0.076659 0.050932 0.985019 0.164752 49.656761 0.005532 -0.165242 0.986238 -46.543674 0.000000 0.000000 0.000000 1.000000
0.998687 -0.049315 -0.013872 0.076648 0.050929 0.985019 0.164752 49.667271 0.005540 -0.165242 0.986237 -46.544453 0.000000 0.000000 0.000000 1.000000
0.998687 -0.049311 -0.013879 0.076636 0.050925 0.985020 0.164752 49.675655 0.005547 -0.165242 0.986237 -46.545185 0.000000 0.000000 0.000000 1.000000
0.998687 -0.049305 -0.013885 0.076635 0.050921 0.985020 0.164751 49.681847 0.005554 -0.165242 0.986237 -46.545845 0.000000 0.000000 0.000000 1.000000
0.998687 -0.049299 -0.013891 0.076632 0.050916 0.985020 0.164751 49.685760 0.005561 -0.165242 0.986237 -46.546448 0.000000 0.000000 0.000000 1.000000
0.998688 -0.049292 -0.013898 0.076642 0.050910 0.985020 0.164751 49.687378 0.005568 -0.165242 0.986237 -46.546989 0.000000 0.000000 0.000000 1.000000
0.998688 -0.049283 -0.013905 0.076657 0.050903 0.985021 0.164750 49.687782 0.005577 -0.165242 0.986237 -46.547478 0.000000 0.000000 0.000000 1.000000
0.998688 -0.049274 -0.013912 0.076677 0.050895 0.985021 0.164750 49.688217 0.005586 -0.165242 0.986237 -46.548000 0.000000 0.000000 0.000000 1.000000
0.998689 -0.049263 -0.013921 0.076701 0.050886 0.985022 0.164749 49.688671 0.005596 -0.165242 0.986237 -46.548542 0.000000 0.000000 0.000000 1.000000
0.998689 -0.049252 -0.013930 0.076722 0.050876 0.985023 0.164749 49.689159 0.005607 -0.165242 0.986237 -46.549133 0.000000 0.000000 0.000000 1.000000
0.998690 -0.049240 -0.013940 0.076750 0.050866 0.985023 0.164748 49.689709 0.005619 -0.165242 0.986237 -46.549759 0.000000 0.000000 0.000000 1.000000
0.998690 -0.049227 -0.013951 0.076790 0.050855 0.985024 0.164748 49.690300 0.005632 -0.165242 0.986237 -46.550453 0.000000 0.000000 0.000000 1.000000
0.998691 -0.049214 -0.013962 0.076823 0.050844 0.985024 0.164747 49.690899 0.005645 -0.165242 0.986237 -46.551178 0.000000 0.000000 0.000000 1.000000</float_array><technique_common><accessor source="#Hips-Matrix-animation-output-transform-array" count="68" stride="16"><param type="float4x4"/></accessor></technique_common></source><source id="Hips-Interpolations"><Name_array id="Hips-Interpolations-array" count="68">
 LINEAR LINEAR LINEAR LINEAR LINEAR LINEAR LINEAR LINEAR LINEAR LINEAR LINEAR
LINEAR LINEAR LINEAR LINEAR LINEAR LINEAR LINEAR LINEAR LINEAR LINEAR LINEAR LINEAR
LINEAR LINEAR LINEAR LINEAR LINEAR LINEAR LINEAR LINEAR LINEAR LINEAR LINEAR LINEAR
LINEAR LINEAR LINEAR LINEAR LINEAR LINEAR LINEAR LINEAR LINEAR LINEAR LINEAR LINEAR
LINEAR LINEAR LINEAR LINEAR LINEAR LINEAR LINEAR LINEAR LINEAR LINEAR LINEAR LINEAR
LINEAR LINEAR LINEAR LINEAR LINEAR LINEAR LINEAR LINEAR LINEAR</Name_array><technique_common><accessor source="#Hips-Interpolations-array" count="68"><param type="name"/></accessor></technique_common></source><sampler id="Hips-Matrix-animation-transform"><input semantic="INPUT" source="#Hips-Matrix-animation-input"/><input semantic="OUTPUT" source="#Hips-Matrix-animation-output-transform"/><input semantic="INTERPOLATION" source="#Hips-Interpolations"/></sampler><channel source="#Hips-Matrix-animation-transform" target="Hips/matrix"/></animation>
    <animation id="LeftUpLeg-anim" name="LeftUpLeg"><source id="LeftUpLeg-Matrix-animation-input"><float_array id="LeftUpLeg-Matrix-animation-input-array" count="68">

0.000000 0.033333 0.066667 0.100000 0.133333 0.166667 0.200000 0.233333 0.266667 0.300000 0.333333 0.366667 0.400000 0.433333 0.466667 0.500000
0.533333 0.566667 0.600000 0.633333 0.666667 0.700000 0.733333 0.766667 0.800000 0.833333 0.866667 0.900000 0.933333 0.966667 1.000000 1.033333
1.066667 1.100000 1.133333 1.166667 1.200000 1.233333 1.266667 1.300000 1.333333 1.366667 1.400000 1.433333 1.466667 1.500000 1.533333 1.566667
1.600000 1.633333 1.666667 1.700000 1.733333 1.766667 1.800000 1.833333 1.866667 1.900000 1.933333 1.966667 2.000000 2.033333 2.066667 2.100000
2.133333 2.166667 2.200000 2.233333</float_array><technique_common><accessor source="#LeftUpLeg-Matrix-animation-input-array" count="68"><param name="TIME" type="float"/></accessor></technique_common></source><source id="LeftUpLeg-Matrix-animation-output-transform"><float_array id="LeftUpLeg-Matrix-animation-output-transform-array" count="1088">

0.951938 -0.177080 0.249912 9.633800 0.126488 0.970388 0.205786 -0.250300 -0.278952 -0.164285 0.946148 0.000000 0.000000 0.000000 0.000000 1.000000
0.952746 -0.171027 0.251048 9.633800 0.122440 0.972549 0.197883 -0.250300 -0.278000 -0.157794 0.947532 0.000000 0.000000 0.000000 0.000000 1.000000
0.953775 -0.161222 0.253613 9.633800 0.116587 0.976326 0.182197 -0.250300 -0.276983 -0.144207 0.949992 0.000000 0.000000 0.000000 0.000000 1.000000
0.958315 -0.147610 0.244630 9.633800 0.109241 0.980449 0.163665 -0.250300 -0.264006 -0.130120 0.955704 0.000000 0.000000 0.000000 0.000000 1.000000
0.967743 -0.131088 0.215150 9.633800 0.099842 0.983600 0.150209 -0.250300 -0.231312 -0.123883 0.964960 0.000000 0.000000 0.000000 0.000000 1.000000
0.979786 -0.111571 0.166044 9.633800 0.087913 0.985725 0.143588 -0.250300 -0.179694 -0.126088 0.975609 0.000000 0.000000 0.000000 0.000000 1.000000
0.989681 -0.092410 0.109505 9.633800 0.075423 0.985771 0.150221 -0.250300 -0.121829 -0.140411 0.982569 0.000000 0.000000 0.000000 0.000000 1.000000
0.996307 -0.072051 0.046693 9.633800 0.063156 0.983433 0.169913 -0.250300 -0.058162 -0.166337 0.984352 0.000000 0.000000 0.000000 0.000000 1.000000
0.998580 -0.048615 -0.021767 9.633800 0.051971 0.978786 0.198182 -0.250300 0.011671 -0.199032 0.979923 0.000000 0.000000 0.000000 0.000000 1.000000
0.995427 -0.018642 -0.093685 9.633800 0.040612 0.970311 0.238428 -0.250300 0.086459 -0.241143 0.966631 0.000000 0.000000 0.000000 0.000000 1.000000
0.987175 0.017121 -0.158720 9.633800 0.028491 0.959376 0.280689 -0.250300 0.157078 -0.281611 0.946584 0.000000 0.000000 0.000000 0.000000 1.000000
0.977245 0.053616 -0.205224 9.633800 0.015360 0.947097 0.320580 -0.250300 0.211556 -0.316437 0.924722 -0.000000 0.000000 0.000000 0.000000 1.000000
0.968257 0.088302 -0.233840 9.633800 0.000265 0.935159 0.354229 -0.250300 0.249957 -0.343047 0.905450 0.000000 0.000000 0.000000 0.000000 1.000000
0.959503 0.116699 -0.256391 9.633800 -0.010781 0.924701 0.380541 -0.250300 0.281493 -0.362366 0.888511 -0.000000 0.000000 0.000000 0.000000 1.000000
0.952256 0.135142 -0.273763 9.633800 -0.016242 0.917850 0.396595 -0.250300 0.304870 -0.373213 0.876223 -0.000000 0.000000 0.000000 0.000000 1.000000
0.944820 0.148417 -0.292039 9.633800 -0.018430 0.914150 0.404957 -0.250300 0.327070 -0.377229 0.866443 -0.000000 0.000000 0.000000 0.000000 1.000000
0.937957 0.152158 -0.311586 9.633800 -0.018071 0.918810 0.394286 -0.250300 0.346282 -0.364193 0.864553 0.000000 0.000000 0.000000 0.000000 1.000000
0.933141 0.142776 -0.329944 9.633800 -0.013534 0.931059 0.364618 -0.250300 0.359256 -0.335775 0.870741 0.000000 0.000000 0.000000 0.000000 1.000000
0.929886 0.126666 -0.345351 9.633800 -0.001478 0.940123 0.340833 -0.250300 0.367844 -0.316425 0.874395 0.000000 0.000000 0.000000 0.000000 1.000000
0.927360 0.110970 -0.357335 9.633800 0.015681 0.942643 0.333434 -0.250300 0.373841 -0.314817 0.872430 0.000000 0.000000 0.000000 0.000000 1.000000
0.924904 0.098601 -0.367192 9.633800 0.035400 0.939257 0.341384 -0.250300 0.378548 -0.328747 0.865232 0.000000 0.000000 0.000000 0.000000 1.000000
0.922054 0.092905 -0.375746 9.633800 0.054381 0.930043 0.363404 -0.250300 0.383222 -0.355512 0.852498 0.000000 0.000000 0.000000 0.000000 1.000000
0.924233 0.088524 -0.371426 9.633800 0.073165 0.913670 0.399818 -0.250300 0.374754 -0.396701 0.837967 0.000000 0.000000 0.000000 0.000000 1.000000
0.930503 0.086523 -0.355917 9.633800 0.088622 0.889648 0.447966 -0.250300 0.355400 -0.448376 0.820152 0.000000 0.000000 0.000000 0.000000 1.000000
0.937730 0.087870 -0.336066 9.633800 0.101658 0.855697 0.507393 -0.250300 0.332155 -0.509962 0.793481 0.000000 0.000000 0.000000 0.000000 1.000000
0.945683 0.087524 -0.313087 9.633800 0.113304 0.813951 0.569777 -0.250300 0.304706 -0.574303 0.759823 0.000000 0.000000 0.000000 0.000000 1.000000
0.954016 0.085371 -0.287342 9.633800 0.122294 0.764331 0.633122 -0.250300 0.273675 -0.639148 0.718743 0.000000 0.000000 0.000000 0.000000 1.000000
0.962453 0.081616 -0.258888 9.633800 0.126294 0.709580 0.693215 -0.250300 0.240279 -0.699883 0.672630 0.000000 0.000000 0.000000 0.000000 1.000000
0.970795 0.078481 -0.226713 9.633800 0.121321 0.654661 0.746124 -0.250300 0.206976 -0.751838 0.626020 0.000000 0.000000 0.000000 0.000000 1.000000
0.978544 0.077218 -0.191020 9.633800 0.108336 0.595775 0.795811 -0.250300 0.175256 -0.799431 0.574627 0.000000 0.000000 0.000000 0.000000 1.000000
0.985322 0.072235 -0.154670 9.633800 0.092782 0.533926 0.840425 -0.250300 0.143290 -0.842440 0.519387 0.000000 0.000000 0.000000 0.000000 1.000000
0.990921 0.062415 -0.119080 9.633800 0.076238 0.468679 0.880073 -0.250300 0.110740 -0.881161 0.459665 -0.000000 0.000000 0.000000 0.000000 1.000000
0.995208 0.048289 -0.085027 9.633800 0.058784 0.399410 0.914886 -0.250300 0.078140 -0.915500 0.394657 0.000000 0.000000 0.000000 0.000000 1.000000
0.998121 0.030081 -0.053377 9.633800 0.040618 0.327364 0.944025 -0.250300 0.045871 -0.944419 0.325527 0.000000 0.000000 0.000000 0.000000 1.000000
0.999654 0.007847 -0.025106 9.633800 0.022228 0.258302 0.965808 -0.250300 0.014063 -0.966032 0.258038 0.000000 0.000000 0.000000 0.000000 1.000000
0.999851 -0.017283 0.000174 9.633800 0.003397 0.206347 0.978473 -0.250300 -0.016947 -0.978326 0.206375 0.000000 0.000000 0.000000 0.000000 1.000000
0.998793 -0.043626 0.022564 9.633800 -0.014873 0.169201 0.985469 -0.250300 -0.046810 -0.984616 0.168348 0.000000 0.000000 0.000000 0.000000 1.000000
0.996662 -0.070324 0.041469 9.633800 -0.031186 0.141477 0.989450 -0.250300 -0.075449 -0.987441 0.138812 0.000000 0.000000 0.000000 0.000000 1.000000
0.993723 -0.096608 0.056406 9.633800 -0.044607 0.120218 0.991745 -0.250300 -0.102591 -0.988036 0.115154 0.000000 0.000000 0.000000 0.000000 1.000000
0.990304 -0.121912 0.066602 9.633800 -0.054809 0.097657 0.993710 -0.250300 -0.127649 -0.987725 0.090028 0.000000 0.000000 0.000000 0.000000 1.000000
0.986758 -0.145542 0.071598 9.633800 -0.061624 0.071920 0.995505 -0.250300 -0.150037 -0.986735 0.061999 0.000000 0.000000 0.000000 0.000000 1.000000
0.983401 -0.166334 0.072497 9.633800 -0.064947 0.050395 0.996615 -0.250300 -0.169425 -0.984781 0.038756 0.000000 0.000000 0.000000 0.000000 1.000000
0.980526 -0.183355 0.070360 9.633800 -0.066081 0.029355 0.997382 -0.250300 -0.184940 -0.982608 0.016667 0.000000 0.000000 0.000000 0.000000 1.000000
0.979379 -0.192216 0.062204 9.633800 -0.061546 0.009399 0.998060 -0.250300 -0.192427 -0.981308 -0.002625 0.000000 0.000000 0.000000 0.000000 1.000000
0.979294 -0.195878 0.051133 9.633800 -0.053611 -0.007367 0.998535 -0.250300 -0.195214 -0.980601 -0.017716 0.000000 0.000000 0.000000 0.000000 1.000000
0.979121 -0.198791 0.042486 9.633800 -0.046354 -0.014843 0.998815 -0.250300 -0.197924 -0.979930 -0.023748 0.000000 0.000000 0.000000 0.000000 1.000000
0.978590 -0.202498 0.036829 9.633800 -0.040519 -0.014105 0.999079 -0.250300 -0.201792 -0.979181 -0.022008 0.000000 0.000000 0.000000 0.000000 1.000000
0.978155 -0.205306 0.032607 9.633800 -0.033942 -0.002985 0.999419 -0.250300 -0.205089 -0.978693 -0.009889 0.000000 0.000000 0.000000 0.000000 1.000000
0.977778 -0.207625 0.029022 9.633800 -0.027411 0.010634 0.999568 -0.250300 -0.207844 -0.978151 0.004706 0.000000 0.000000 0.000000 0.000000 1.000000
0.977439 -0.209609 0.026017 9.633800 -0.021682 0.022950 0.999501 -0.250300 -0.210101 -0.977516 0.017887 0.000000 0.000000 0.000000 0.000000 1.000000
0.977135 -0.211324 0.023421 9.633800 -0.017072 0.031819 0.999348 -0.250300 -0.211932 -0.976898 0.027484 0.000000 0.000000 0.000000 0.000000 1.000000
0.976875 -0.212764 0.021151 9.633800 -0.013067 0.039328 0.999141 -0.250300 -0.213413 -0.976312 0.035639 -0.000000 0.000000 0.000000 0.000000 1.000000
0.976676 -0.213867 0.019113 9.633800 -0.009630 0.045295 0.998927 -0.250300 -0.214503 -0.975812 0.042179 0.000000 0.000000 0.000000 0.000000 1.000000
0.976511 -0.214779 0.017196 9.633800 -0.006754 0.049258 0.998763 -0.250300 -0.215361 -0.975420 0.046650 0.000000 0.000000 0.000000 0.000000 1.000000
0.976395 -0.215456 0.015198 9.633800 -0.004378 0.050607 0.998709 -0.250300 -0.215947 -0.975201 0.048469 -0.000000 0.000000 0.000000 0.000000 1.000000
0.976319 -0.215927 0.013296 9.633800 -0.002382 0.050727 0.998710 -0.250300 -0.216323 -0.975091 0.049011 0.000000 0.000000 0.000000 0.000000 1.000000
0.976267 -0.216258 0.011646 9.633800 -0.000612 0.051018 0.998698 -0.250300 -0.216570 -0.975002 0.049675 0.000000 0.000000 0.000000 0.000000 1.000000
0.976226 -0.216514 0.010241 9.633800 0.000891 0.051251 0.998685 -0.250300 -0.216754 -0.974933 0.050226 0.000000 0.000000 0.000000 0.000000 1.000000
0.976210 -0.216636 0.009046 9.633800 0.002156 0.051418 0.998675 -0.250300 -0.216815 -0.974897 0.050662 0.000000 0.000000 0.000000 0.000000 1.000000
0.976218 -0.216634 0.008201 9.633800 0.003042 0.051514 0.998668 -0.250300 -0.216768 -0.974893 0.050948 0.000000 0.000000 0.000000 0.000000 1.000000
0.976221 -0.216638 0.007798 9.633800 0.003463 0.051554 0.998664 -0.250300 -0.216751 -0.974890 0.051078 0.000000 0.000000 0.000000 0.000000 1.000000
0.976225 -0.216633 0.007457 9.633800 0.003814 0.051563 0.998662 -0.250300 -0.216728 -0.974890 0.051163 0.000000 0.000000 0.000000 0.000000 1.000000
0.976224 -0.216639 0.007384 9.633800 0.003888 0.051562 0.998662 -0.250300 -0.216730 -0.974889 0.051178 -0.000000 0.000000 0.000000 0.000000 1.000000
0.976221 -0.216652 0.007371 9.633800 0.003904 0.051568 0.998662 -0.250300 -0.216742 -0.974886 0.051187 0.000000 0.000000 0.000000 0.000000 1.000000
0.976217 -0.216669 0.007353 9.633800 0.003925 0.051577 0.998661 -0.250300 -0.216758 -0.974882 0.051201 -0.000000 0.000000 0.000000 0.000000 1.000000
0.976214 -0.216687 0.007335 9.633800 0.003946 0.051586 0.998661 -0.250300 -0.216775 -0.974877 0.051214 0.000000 0.000000 0.000000 0.000000 1.000000
0.976211 -0.216700 0.007326 9.633800 0.003960 0.051598 0.998660 -0.250300 -0.216787 -0.974874 0.051229 0.000000 0.000000 0.000000 0.000000 1.000000
0.976210 -0.216701 0.007327 9.633800 0.003960 0.051604 0.998660 -0.250300 -0.216789 -0.974873 0.051234 0.000000 0.000000 0.000000 0.000000 1.000000</float_array><technique_common><accessor source="#LeftUpLeg-Matrix-animation-output-transform-array" count="68" stride="16"><param type="float4x4"/></accessor></technique_common></source><source id="LeftUpLeg-Interpolations"><Name_array id="LeftUpLeg-Interpolations-array" count="68">
 LINEAR LINEAR LINEAR LINEAR LINEAR LINEAR LINEAR LINEAR LINEAR LINEAR LINEAR
LINEAR LINEAR LINEAR LINEAR LINEAR LINEAR LINEAR LINEAR LINEAR LINEAR LINEAR LINEAR
LINEAR LINEAR LINEAR LINEAR LINEAR LINEAR LINEAR LINEAR LINEAR LINEAR LINEAR LINEAR
LINEAR LINEAR LINEAR LINEAR LINEAR LINEAR LINEAR LINEAR LINEAR LINEAR LINEAR LINEAR
LINEAR LINEAR LINEAR LINEAR LINEAR LINEAR LINEAR LINEAR LINEAR LINEAR LINEAR LINEAR
LINEAR LINEAR LINEAR LINEAR LINEAR LINEAR LINEAR LINEAR LINEAR</Name_array><technique_common><accessor source="#LeftUpLeg-Interpolations-array" count="68"><param type="name"/></accessor></technique_common></source><sampler id="LeftUpLeg-Matrix-animation-transform"><input semantic="INPUT" source="#LeftUpLeg-Matrix-animation-input"/><input semantic="OUTPUT" source="#LeftUpLeg-Matrix-animation-output-transform"/><input semantic="INTERPOLATION" source="#LeftUpLeg-Interpolations"/></sampler><channel source="#LeftUpLeg-Matrix-animation-transform" target="LeftUpLeg/matrix"/></animation>
    <animation id="LeftLeg-anim" name="LeftLeg"><source id="LeftLeg-Matrix-animation-input"><float_array id="LeftLeg-Matrix-animation-input-array" count="68">

0.000000 0.033333 0.066667 0.100000 0.133333 0.166667 0.200000 0.233333 0.266667 0.300000 0.333333 0.366667 0.400000 0.433333 0.466667 0.500000
0.533333 0.566667 0.600000 0.633333 0.666667 0.700000 0.733333 0.766667 0.800000 0.833333 0.866667 0.900000 0.933333 0.966667 1.000000 1.033333
1.066667 1.100000 1.133333 1.166667 1.200000 1.233333 1.266667 1.300000 1.333333 1.366667 1.400000 1.433333 1.466667 1.500000 1.533333 1.566667
1.600000 1.633333 1.666667 1.700000 1.733333 1.766667 1.800000 1.833333 1.866667 1.900000 1.933333 1.966667 2.000000 2.033333 2.066667 2.100000
2.133333 2.166667 2.200000 2.233333</float_array><technique_common><accessor source="#LeftLeg-Matrix-animation-input-array" count="68"><param name="TIME" type="float"/></accessor></technique_common></source><source id="LeftLeg-Matrix-animation-output-transform"><float_array id="LeftLeg-Matrix-animation-output-transform-array" count="1088">

0.996686 -0.072802 0.036290 -0.000000 0.079882 0.960196 -0.267660 -40.477901 -0.015359 0.269672 0.962830 -1.713100 0.000000 0.000000 0.000000 1.000000
0.996831 -0.072804 0.032062 0.000000 0.078569 0.964174 -0.253368 -40.477901 -0.012467 0.255084 0.966839 -1.713100 0.000000 0.000000 0.000000 1.000000
0.997040 -0.072738 0.024896 0.000000 0.076495 0.970989 -0.226559 -40.477901 -0.007694 0.227793 0.973679 -1.713100 0.000000 0.000000 0.000000 1.000000
0.997046 -0.072916 0.024152 0.000000 0.076242 0.977671 -0.195825 -40.477901 -0.009334 0.197088 0.980341 -1.713100 0.000000 0.000000 0.000000 1.000000
0.996895 -0.073304 0.028751 0.000000 0.077197 0.981814 -0.173444 -40.477901 -0.015514 0.175125 0.984424 -1.713100 0.000000 0.000000 0.000000 1.000000
0.996549 -0.073900 0.037794 0.000000 0.079097 0.983537 -0.162476 -40.477901 -0.025165 0.164905 0.985988 -1.713100 0.000000 0.000000 0.000000 1.000000
0.996445 -0.074637 0.039079 0.000000 0.080126 0.982888 -0.165861 -40.477901 -0.026031 0.168403 0.985374 -1.713100 0.000000 0.000000 0.000000 1.000000
0.996438 -0.075425 0.037721 -0.000000 0.081041 0.980160 -0.180886 -40.477901 -0.023329 0.183298 0.982781 -1.713100 0.000000 0.000000 0.000000 1.000000
0.996611 -0.076371 0.030547 0.000000 0.080926 0.976848 -0.198038 -40.477901 -0.014716 0.199839 0.979718 -1.713100 0.000000 0.000000 0.000000 1.000000
0.996912 -0.078456 0.003307 0.000000 0.077118 0.970238 -0.229547 -40.477901 0.014801 0.229093 0.973292 -1.713100 0.000000 0.000000 0.000000 1.000000
0.996505 -0.082039 -0.015760 0.000000 0.074781 0.960107 -0.269447 -40.477901 0.037236 0.267327 0.962886 -1.713100 0.000000 0.000000 0.000000 1.000000
0.995805 -0.086704 -0.029226 0.000000 0.072975 0.945297 -0.317943 -40.477901 0.055194 0.314476 0.947659 -1.713100 0.000000 0.000000 0.000000 1.000000
0.994171 -0.092027 -0.056168 0.000000 0.065205 0.928117 -0.366533 -40.477901 0.085862 0.360734 0.928708 -1.713100 0.000000 0.000000 0.000000 1.000000
0.992048 -0.097280 -0.079853 -0.000000 0.056239 0.910249 -0.410225 -40.477901 0.112593 0.402472 0.908482 -1.713100 0.000000 0.000000 0.000000 1.000000
0.990590 -0.101425 -0.091891 0.000000 0.050534 0.895031 -0.443132 -40.477901 0.127190 0.434319 0.891734 -1.713100 0.000000 0.000000 0.000000 1.000000
0.990024 -0.104791 -0.094185 -0.000000 0.049954 0.886103 -0.460788 -40.477901 0.131744 0.451486 0.882499 -1.713100 0.000000 0.000000 0.000000 1.000000
0.989094 -0.108012 -0.100130 0.000000 0.052590 0.894026 -0.444918 -40.477901 0.137576 0.434800 0.889956 -1.713100 0.000000 0.000000 0.000000 1.000000
0.989588 -0.109756 -0.093110 0.000000 0.064019 0.915047 -0.398234 -40.477901 0.128908 0.388127 0.912546 -1.713100 0.000000 0.000000 0.000000 1.000000
0.992491 -0.110411 -0.052638 -0.000000 0.083794 0.927236 -0.364983 -40.477901 0.089106 0.357832 0.929525 -1.713100 0.000000 0.000000 0.000000 1.000000
0.993802 -0.110844 0.008390 0.000000 0.106361 0.926237 -0.361625 -40.477901 0.032313 0.360277 0.932286 -1.713100 0.000000 0.000000 0.000000 1.000000
0.990379 -0.111890 0.081427 0.000000 0.134658 0.914822 -0.380747 -40.477901 -0.031890 0.388049 0.921087 -1.713100 0.000000 0.000000 0.000000 1.000000
0.985005 -0.116259 0.127473 0.000000 0.160849 0.886043 -0.434806 -40.477901 -0.062397 0.448790 0.891456 -1.713100 0.000000 0.000000 0.000000 1.000000
0.982229 -0.115506 0.147935 0.000000 0.173467 0.859631 -0.480567 -40.477901 -0.071661 0.497688 0.864391 -1.713100 0.000000 0.000000 0.000000 1.000000
0.983497 -0.111963 0.142119 -0.000000 0.170392 0.837297 -0.519519 -40.477901 -0.060829 0.535161 0.842557 -1.713100 0.000000 0.000000 0.000000 1.000000
0.984934 -0.107565 0.135406 0.000000 0.164941 0.819591 -0.548694 -40.477901 -0.051958 0.562761 0.824985 -1.713100 0.000000 0.000000 0.000000 1.000000
0.986517 -0.102635 0.127479 0.000000 0.157657 0.805012 -0.571926 -40.477901 -0.043923 0.584313 0.810339 -1.713100 0.000000 0.000000 0.000000 1.000000
0.988278 -0.097115 0.117792 0.000000 0.148555 0.789575 -0.595401 -40.477901 -0.035184 0.605920 0.794747 -1.713100 0.000000 0.000000 0.000000 1.000000
0.990255 -0.091049 0.105383 -0.000000 0.137036 0.771931 -0.620760 -40.477901 -0.024828 0.629152 0.776886 -1.713100 0.000000 0.000000 0.000000 1.000000
0.992336 -0.084533 0.090129 -0.000000 0.122851 0.753385 -0.646002 -40.477901 -0.013293 0.652124 0.757996 -1.713100 0.000000 0.000000 0.000000 1.000000
0.994054 -0.077553 0.076430 0.000000 0.108846 0.726637 -0.678344 -40.477901 -0.002930 0.682630 0.730758 -1.713100 0.000000 0.000000 0.000000 1.000000
0.995397 -0.070214 0.065229 0.000000 0.095732 0.696391 -0.711249 -40.477901 0.004515 0.714220 0.699907 -1.713100 0.000000 0.000000 0.000000 1.000000
0.996466 -0.062605 0.055999 0.000000 0.083447 0.661748 -0.745068 -40.477901 0.009587 0.747108 0.664634 -1.713100 0.000000 0.000000 0.000000 1.000000
0.997315 -0.054789 0.048580 0.000000 0.072118 0.620026 -0.781259 -40.477901 0.012684 0.782666 0.622313 -1.713100 0.000000 0.000000 0.000000 1.000000
0.997993 -0.046848 0.042603 0.000000 0.061723 0.569447 -0.819707 -40.477901 0.014141 0.820692 0.571196 -1.713100 0.000000 0.000000 0.000000 1.000000
0.998566 -0.038878 0.036800 0.000000 0.051577 0.514644 -0.855851 -40.477901 0.014335 0.856522 0.515911 -1.713100 0.000000 0.000000 0.000000 1.000000
0.999169 -0.031004 0.026461 -0.000000 0.037783 0.460888 -0.886654 -40.477901 0.015294 0.886917 0.461676 -1.713100 0.000000 0.000000 0.000000 1.000000
0.999640 -0.023241 0.013381 0.000000 0.021705 0.408100 -0.912679 -40.477901 0.015751 0.912641 0.408458 -1.713100 0.000000 0.000000 0.000000 1.000000
0.999878 -0.015620 0.000455 0.000000 0.005969 0.354866 -0.934898 -40.477901 0.014441 0.934787 0.354916 -1.713100 0.000000 0.000000 0.000000 1.000000
0.999904 -0.008177 -0.011178 0.000000 -0.008185 0.302169 -0.953219 -40.477901 0.011172 0.953219 0.302073 -1.713100 0.000000 0.000000 0.000000 1.000000
0.999770 -0.000923 -0.021431 -0.000000 -0.020566 0.242763 -0.969868 -40.477901 0.006097 0.970085 0.242688 -1.713100 0.000000 0.000000 0.000000 1.000000
0.999521 0.006079 -0.030331 0.000000 -0.030929 0.177571 -0.983622 -40.477901 -0.000594 0.984089 0.177674 -1.713100 0.000000 0.000000 0.000000 1.000000
0.999190 0.012722 -0.038169 -0.000000 -0.039407 0.118183 -0.992210 -40.477901 -0.008112 0.992910 0.118589 -1.713100 0.000000 0.000000 0.000000 1.000000
0.998824 0.018950 -0.044628 0.000000 -0.045847 0.069696 -0.996514 -40.477901 -0.015774 0.997388 0.070483 -1.713100 0.000000 0.000000 0.000000 1.000000
0.998696 0.024899 -0.044565 0.000000 -0.045388 0.033512 -0.998407 -40.477901 -0.023365 0.999128 0.034598 -1.713100 0.000000 0.000000 0.000000 1.000000
0.998607 0.030633 -0.042953 0.000000 -0.043073 0.003270 -0.999067 -40.477901 -0.030464 0.999525 0.004584 -1.713100 0.000000 0.000000 0.000000 1.000000
0.998323 0.036243 -0.045143 0.000000 -0.044478 -0.018935 -0.998831 -40.477901 -0.037056 0.999164 -0.017291 -1.713100 0.000000 0.000000 0.000000 1.000000
0.997790 0.041792 -0.051667 0.000000 -0.050274 -0.033738 -0.998165 -40.477901 -0.043458 0.998557 -0.031562 -1.713100 0.000000 0.000000 0.000000 1.000000
0.997067 0.047247 -0.060202 -0.000000 -0.058327 -0.040094 -0.997492 -40.477901 -0.049542 0.998078 -0.037221 -1.713100 0.000000 0.000000 0.000000 1.000000
0.996181 0.052510 -0.069758 0.000000 -0.067555 -0.042630 -0.996804 -40.477901 -0.055316 0.997710 -0.038920 -1.713100 0.000000 0.000000 0.000000 1.000000
0.995188 0.057487 -0.079343 0.000000 -0.076911 -0.043362 -0.996095 -40.477901 -0.060703 0.997404 -0.038732 -1.713100 0.000000 0.000000 0.000000 1.000000
0.994082 0.062218 -0.089048 -0.000000 -0.086491 -0.042641 -0.995340 -40.477901 -0.065726 0.997151 -0.037008 -1.713100 0.000000 0.000000 0.000000 1.000000
0.992839 0.066685 -0.099111 0.000000 -0.096496 -0.041365 -0.994473 -40.477901 -0.070417 0.996916 -0.034634 -1.713100 0.000000 0.000000 0.000000 1.000000
0.991555 0.070713 -0.108712 0.000000 -0.106071 -0.040092 -0.993550 -40.477901 -0.074616 0.996691 -0.032252 -1.713100 0.000000 0.000000 0.000000 1.000000
0.990338 0.074171 -0.117171 -0.000000 -0.114476 -0.039616 -0.992636 -40.477901 -0.078267 0.996458 -0.030743 -1.713100 0.000000 0.000000 0.000000 1.000000
0.989172 0.077198 -0.124819 0.000000 -0.122045 -0.039687 -0.991731 -40.477901 -0.081514 0.996226 -0.029836 -1.713100 0.000000 0.000000 0.000000 1.000000
0.988059 0.079846 -0.131770 0.000000 -0.128942 -0.039616 -0.990860 -40.477901 -0.084336 0.996020 -0.028847 -1.713100 0.000000 0.000000 0.000000 1.000000
0.987013 0.082131 -0.138057 -0.000000 -0.135204 -0.039367 -0.990035 -40.477901 -0.086747 0.995844 -0.027751 -1.713100 0.000000 0.000000 0.000000 1.000000
0.986052 0.084072 -0.143641 0.000000 -0.140771 -0.039161 -0.989267 -40.477901 -0.088795 0.995690 -0.026780 -1.713100 0.000000 0.000000 0.000000 1.000000
0.985195 0.085594 -0.148541 -0.000000 -0.145660 -0.039009 -0.988565 -40.477901 -0.090410 0.995566 -0.025964 -1.713100 0.000000 0.000000 0.000000 1.000000
0.984506 0.086595 -0.152478 0.000000 -0.149594 -0.038914 -0.987981 -40.477901 -0.091487 0.995483 -0.025357 -1.713100 0.000000 0.000000 0.000000 1.000000
0.984102 0.087055 -0.154805 0.000000 -0.151922 -0.038869 -0.987628 -40.477901 -0.091995 0.995445 -0.025025 -1.713100 0.000000 0.000000 0.000000 1.000000
0.984030 0.087434 -0.155049 0.000000 -0.152160 -0.038826 -0.987593 -40.477901 -0.092369 0.995413 -0.024902 -1.713100 0.000000 0.000000 0.000000 1.000000
0.984212 0.087506 -0.153851 0.000000 -0.150959 -0.038795 -0.987779 -40.477901 -0.092406 0.995408 -0.024973 -1.713100 0.000000 0.000000 0.000000 1.000000
0.984476 0.087490 -0.152156 -0.000000 -0.149264 -0.038742 -0.988038 -40.477901 -0.092339 0.995412 -0.025081 -1.713100 0.000000 0.000000 0.000000 1.000000
0.984719 0.087472 -0.150592 -0.000000 -0.147697 -0.038713 -0.988275 -40.477901 -0.092276 0.995414 -0.025203 -1.713100 0.000000 0.000000 0.000000 1.000000
0.984992 0.087459 -0.148803 0.000000 -0.145904 -0.038685 -0.988542 -40.477901 -0.092213 0.995417 -0.025344 -1.713100 0.000000 0.000000 0.000000 1.000000
0.985266 0.087505 -0.146945 0.000000 -0.144040 -0.038675 -0.988816 -40.477901 -0.092210 0.995413 -0.025501 -1.713100 0.000000 0.000000 0.000000 1.000000
0.985491 0.087543 -0.145412 0.000000 -0.142506 -0.038613 -0.989041 -40.477901 -0.092198 0.995412 -0.025577 -1.713100 0.000000 0.000000 0.000000 1.000000</float_array><technique_common><accessor source="#LeftLeg-Matrix-animation-output-transform-array" count="68" stride="16"><param type="float4x4"/></accessor></technique_common></source><source id="LeftLeg-Interpolations"><Name_array id="LeftLeg-Interpolations-array" count="68">
 LINEAR LINEAR LINEAR LINEAR LINEAR LINEAR LINEAR LINEAR LINEAR LINEAR LINEAR
LINEAR LINEAR LINEAR LINEAR LINEAR LINEAR LINEAR LINEAR LINEAR LINEAR LINEAR LINEAR
LINEAR LINEAR LINEAR LINEAR LINEAR LINEAR LINEAR LINEAR LINEAR LINEAR LINEAR LINEAR
LINEAR LINEAR LINEAR LINEAR LINEAR LINEAR LINEAR LINEAR LINEAR LINEAR LINEAR LINEAR
LINEAR LINEAR LINEAR LINEAR LINEAR LINEAR LINEAR LINEAR LINEAR LINEAR LINEAR LINEAR
LINEAR LINEAR LINEAR LINEAR LINEAR LINEAR LINEAR LINEAR LINEAR</Name_array><technique_common><accessor source="#LeftLeg-Interpolations-array" count="68"><param type="name"/></accessor></technique_common></source><sampler id="LeftLeg-Matrix-animation-transform"><input semantic="INPUT" source="#LeftLeg-Matrix-animation-input"/><input semantic="OUTPUT" source="#LeftLeg-Matrix-animation-output-transform"/><input semantic="INTERPOLATION" source="#LeftLeg-Interpolations"/></sampler><channel source="#LeftLeg-Matrix-animation-transform" target="LeftLeg/matrix"/></animation>
    <animation id="LeftFoot-anim" name="LeftFoot"><source id="LeftFoot-Matrix-animation-input"><float_array id="LeftFoot-Matrix-animation-input-array" count="68">

0.000000 0.033333 0.066667 0.100000 0.133333 0.166667 0.200000 0.233333 0.266667 0.300000 0.333333 0.366667 0.400000 0.433333 0.466667 0.500000
0.533333 0.566667 0.600000 0.633333 0.666667 0.700000 0.733333 0.766667 0.800000 0.833333 0.866667 0.900000 0.933333 0.966667 1.000000 1.033333
1.066667 1.100000 1.133333 1.166667 1.200000 1.233333 1.266667 1.300000 1.333333 1.366667 1.400000 1.433333 1.466667 1.500000 1.533333 1.566667
1.600000 1.633333 1.666667 1.700000 1.733333 1.766667 1.800000 1.833333 1.866667 1.900000 1.933333 1.966667 2.000000 2.033333 2.066667 2.100000
2.133333 2.166667 2.200000 2.233333</float_array><technique_common><accessor source="#LeftFoot-Matrix-animation-input-array" count="68"><param name="TIME" type="float"/></accessor></technique_common></source><source id="LeftFoot-Matrix-animation-output-transform"><float_array id="LeftFoot-Matrix-animation-output-transform-array" count="1088">

0.991487 0.129766 0.010646 0.012600 -0.129861 0.991494 0.008749 -40.441601 -0.009420 -0.010057 0.999905 -0.864500 0.000000 0.000000 0.000000 1.000000
0.991392 0.130544 0.010028 0.012600 -0.130555 0.991441 0.000458 -40.441601 -0.009883 -0.001763 0.999950 -0.864500 0.000000 0.000000 0.000000 1.000000
0.991389 0.130632 0.009110 0.012600 -0.130496 0.991347 -0.014230 -40.441601 -0.010890 0.012918 0.999857 -0.864500 0.000000 0.000000 0.000000 1.000000
0.991154 0.132363 0.009676 0.012600 -0.131878 0.990454 -0.040108 -40.441601 -0.014893 0.038477 0.999149 -0.864500 0.000000 0.000000 0.000000 1.000000
0.990560 0.136417 0.013468 0.012600 -0.135023 0.987932 -0.075889 -40.441601 -0.023658 0.073354 0.997025 -0.864500 0.000000 0.000000 0.000000 1.000000
